scenario rep R2
1 1 0.122724837810297
1 10 0.00660235941788775
1 100 0.116026965848779
1 11 0.125609079047035
1 12 0.190787333526565
1 13 0.174182914213783
1 14 0.0253621120142663
1 15 0.201405092384827
1 16 0.000450981333917039
1 17 0.0141722594112839
1 18 0.251972818528625
1 19 0.147399811105495
1 2 0.178164378830594
1 20 0.0354342661892038
1 21 0.105118644917532
1 22 0.015911936548232
1 23 0.178389636850789
1 24 0.105438203181553
1 25 0.189807347388365
1 26 0.0725622273112583
1 27 0.00396972694064709
1 28 0.0669053906778648
1 29 0.111326359837805
1 3 0.168616523152031
1 30 0.0143538249115853
1 31 0.0550515782068291
1 32 0.0617254452456572
1 33 0.018897125411719
1 34 0.000490046544578242
1 35 0.0233958054864935
1 36 0.0278565915758544
1 37 0.0455391696676407
1 38 0.145930201905384
1 39 0.13074417423591
1 4 0.00226738642858711
1 40 0.325577895752813
1 41 0.00652805023768824
1 42 0.0866109775349268
1 43 0.105296064296241
1 44 0.062950007952055
1 45 0.121790958376379
1 46 0.15385246852421
1 47 0.124081384188302
1 48 0.245241526293403
1 49 0.0615308929060304
1 5 0.10658218056938
1 50 0.0689592742514007
1 51 0.250031143954034
1 52 0.0140717707045978
1 53 0.11871606489715
1 54 0.0412885631178405
1 55 0.269649028365574
1 56 0.106291103535986
1 57 0.0283066063947884
1 58 0.181987882836774
1 59 0.096483416847775
1 6 0.0621496755996877
1 60 0.101648978126723
1 61 0.0678541215901351
1 62 0.108021317896525
1 63 0.0567377186629544
1 64 0.16895073301903
1 65 0.000113501313064698
1 66 0.0723564807782096
1 67 0.273682513060946
1 68 0.265263672600728
1 69 0.0273724360529565
1 7 0.066331167298633
1 70 0.11947332841697
1 71 0.0272758437540857
1 72 0.0638952166864031
1 73 0.00689714139614891
1 74 0.0676880159400482
1 75 0.00425969217153962
1 76 0.249291753209595
1 77 0.24516302023489
1 78 0.0936607081600017
1 79 0.0722826161650068
1 8 0.0689945302755002
1 80 0.00520732417825865
1 81 0.0893322900170331
1 82 0.271837786201941
1 83 0.220584064269199
1 84 0.120211166273028
1 85 0.029446184418117
1 86 0.0418373213402806
1 87 0.161949447628016
1 88 0.102038143796926
1 89 0.138085507921951
1 9 0.006229107538177
1 90 0.271513766256072
1 91 0.267012710708069
1 92 0.0274952904892877
1 93 0.0557917538883889
1 94 0.380439799724916
1 95 0.0866575748466287
1 96 0.119883860592149
1 97 0.228097561174652
1 98 0.105036949695921
1 99 0.0490202657785873
10 1 0.0737366733314896
10 10 0.152640494599555
10 100 0.189630305268641
10 11 0.0865871929072531
10 12 0.0802793447823776
10 13 0.0380834338713586
10 14 0.103838768608128
10 15 0.0199374959454955
10 16 0.126147368814479
10 17 0.0373514131351526
10 18 0.00352485544418944
10 19 0.112489018387199
10 2 0.0468043574363456
10 20 0.087455164333938
10 21 0.0823556755016349
10 22 0.13588289673911
10 23 0.0410930769848015
10 24 0.109096361788796
10 25 0.0961411445375856
10 26 0.049804354222892
10 27 0.186084620923588
10 28 0.0916987003886399
10 29 0.184276595324229
10 3 0.0549561847167218
10 30 0.0475840016324948
10 31 0.0778236849871288
10 32 0.150499818982399
10 33 0.132012295054062
10 34 0.0369426821170087
10 35 0.246855042891589
10 36 0.113722675928373
10 37 0.0348264970235678
10 38 0.223679286099804
10 39 0.0833419027958919
10 4 0.0174960342624596
10 40 0.136799535952553
10 41 0.0269825092709234
10 42 0.0730906785625498
10 43 0.238248955704307
10 44 0.105073545178156
10 45 0.23695977041893
10 46 0.0104929979912366
10 47 0.168013502225252
10 48 0.00953676368669277
10 49 0.0524360984172889
10 5 0.102414693261021
10 50 0.0890370658583461
10 51 0.105946588030658
10 52 0.107178606819806
10 53 0.206729104909141
10 54 0.0848873891448791
10 55 0.0272039519791209
10 56 0.288615684016223
10 57 0.0386342013855443
10 58 0.114747657278286
10 59 0.00975118992590283
10 6 0.21934736698794
10 60 0.029673375760189
10 61 0.341592922153193
10 62 0.00828005982422754
10 63 0.0533271781515981
10 64 0.0440097748792407
10 65 0.334704170144156
10 66 0.110279810091782
10 67 0.0355237543428981
10 68 0.010537963016783
10 69 0.112748806305128
10 7 0.282786134675751
10 70 0.161124660890224
10 71 0.153478748095681
10 72 0.202022944645398
10 73 0.0228057783704403
10 74 0.113922591057497
10 75 0.178865985514776
10 76 0.00285239058760326
10 77 0.0192670100536519
10 78 0.000104163131412356
10 79 0.0852249653465149
10 8 0.249887357124997
10 80 0.0379001445507723
10 81 0.150700983165581
10 82 0.18941360775593
10 83 0.0769866362873778
10 84 0.0355400547179768
10 85 0.0234160121265983
10 86 0.161910601152121
10 87 0.0457874088216545
10 88 0.180101966746118
10 89 0.0945464793535423
10 9 0.11828605096729
10 90 0.0313639920241245
10 91 0.0636058738400209
10 92 0.0216068190023385
10 93 0.0811609162281829
10 94 0.0702780120446326
10 95 0.0344046871760064
10 96 0.141175671453422
10 97 0.166029400002731
10 98 0.0970808834734716
10 99 0.0573386464125353
11 1 0.519784739032445
11 10 0.511613656816338
11 100 0.566557244088443
11 11 0.592133116394031
11 12 0.50427409281064
11 13 0.422724466230035
11 14 0.473633050641319
11 15 0.58519235223459
11 16 0.397959403880328
11 17 0.428497055840665
11 18 0.544463311289837
11 19 0.480085417523245
11 2 0.538215651793059
11 20 0.469284184610531
11 21 0.297879388093803
11 22 0.566995651548995
11 23 0.263896067285108
11 24 0.428595548080241
11 25 0.600000000033733
11 26 0.663333689200795
11 27 0.434028122163718
11 28 0.489416752188928
11 29 0.390819589155733
11 3 0.624111418959868
11 30 0.566350461822506
11 31 0.451448646809593
11 32 0.470964794067552
11 33 0.528189673191422
11 34 0.446516327187808
11 35 0.621742430205045
11 36 0.578445424741624
11 37 0.536941036982287
11 38 0.661535560405852
11 39 0.411727278822787
11 4 0.579260957240546
11 40 0.494450990552806
11 41 0.65695245396099
11 42 0.588885615233215
11 43 0.499406320729467
11 44 0.468419173709091
11 45 0.363188595034012
11 46 0.330878725184025
11 47 0.641915462279134
11 48 0.486182377115096
11 49 0.6852878642584
11 5 0.282929522170731
11 50 0.540112226878652
11 51 0.570251861134781
11 52 0.418545474720219
11 53 0.293229876177017
11 54 0.317211048421173
11 55 0.419241719707186
11 56 0.434815550097176
11 57 0.451154048739434
11 58 0.524152189176037
11 59 0.556821231538854
11 6 0.432487885385915
11 60 0.482875162742765
11 61 0.498772916817264
11 62 0.503724589015558
11 63 0.585943001796572
11 64 0.406217656833852
11 65 0.686314398492084
11 66 0.54068384118466
11 67 0.32179856147765
11 68 0.505793923341921
11 69 0.539901742666121
11 7 0.51368227781597
11 70 0.540649251782647
11 71 0.479299751135178
11 72 0.38744827403938
11 73 0.411779054722445
11 74 0.499154012550109
11 75 0.352782763299732
11 76 0.493501362559955
11 77 0.390040216396654
11 78 0.674110814734529
11 79 0.528285226015166
11 8 0.474105635728975
11 80 0.472624711759646
11 81 0.477817153203907
11 82 0.354413446533137
11 83 0.308622240189045
11 84 0.277255725005288
11 85 0.483994364387841
11 86 0.480107662811828
11 87 0.550201628247756
11 88 0.451828951166446
11 89 0.284353528675817
11 9 0.316697421458057
11 90 0.556811329951071
11 91 0.518426113604028
11 92 0.520613523243121
11 93 0.464970980373601
11 94 0.497721673564341
11 95 0.505671853785948
11 96 0.486252186576056
11 97 0.478663946906838
11 98 0.660887485321142
11 99 0.471265646060756
12 1 0.857522050877824
12 10 0.871951690078402
12 100 0.818841240667199
12 11 0.894595821334245
12 12 0.855604894233537
12 13 0.849795454404342
12 14 0.784647844985273
12 15 0.890239470703304
12 16 0.867532756576467
12 17 0.937700345396593
12 18 0.799871323243589
12 19 0.82949378568835
12 2 0.890412217414517
12 20 0.80185739557457
12 21 0.789636246703301
12 22 0.855541562025108
12 23 0.77429241058656
12 24 0.914348106502679
12 25 0.876037807242139
12 26 0.88038356369075
12 27 0.821126368480915
12 28 0.865437015220112
12 29 0.908889182512558
12 3 0.82927456492418
12 30 0.936418450958003
12 31 0.878249198938682
12 32 0.861570567567647
12 33 0.857576859084671
12 34 0.936362829817878
12 35 0.864637947724673
12 36 0.888754190964755
12 37 0.853227739862666
12 38 0.757894240219333
12 39 0.878576002557677
12 4 0.922457333409311
12 40 0.833585136881916
12 41 0.870312805598757
12 42 0.883099098951184
12 43 0.934587750709644
12 44 0.869661071389447
12 45 0.874200917792802
12 46 0.882926332578423
12 47 0.889518762976731
12 48 0.813399530609349
12 49 0.815032455760056
12 5 0.859945191756534
12 50 0.810704131252669
12 51 0.90492509101706
12 52 0.85099897935385
12 53 0.837405598798457
12 54 0.889363367149308
12 55 0.846584196815738
12 56 0.850344599779498
12 57 0.894616480077309
12 58 0.823810959694416
12 59 0.848395833771241
12 6 0.929630015466449
12 60 0.870772563811915
12 61 0.847544117686236
12 62 0.906376161628696
12 63 0.923798194111106
12 64 0.887319627420661
12 65 0.9104675532298
12 66 0.842226641499839
12 67 0.88010199485657
12 68 0.872593628860162
12 69 0.817615731735929
12 7 0.860543815535843
12 70 0.91847942296779
12 71 0.908252029769526
12 72 0.8032851200518
12 73 0.885318851207664
12 74 0.917282711402152
12 75 0.897825044503864
12 76 0.895347450662707
12 77 0.879823467002306
12 78 0.839187818075598
12 79 0.871817073247843
12 8 0.91279828505434
12 80 0.895168486179388
12 81 0.833768995903967
12 82 0.801219148720032
12 83 0.87935970896503
12 84 0.823095288141053
12 85 0.833752618493796
12 86 0.838970283827735
12 87 0.8369496122603
12 88 0.864266062032348
12 89 0.893336656015707
12 9 0.825356540105873
12 90 0.860808267973314
12 91 0.838690388562459
12 92 0.851533027611908
12 93 0.924031147728532
12 94 0.900554303608342
12 95 0.876316952093394
12 96 0.805965326494085
12 97 0.77330158535681
12 98 0.844555109252667
12 99 0.846349129149036
13 1 0.0810985304240107
13 10 0.0614461399283653
13 100 0.116568970443114
13 11 0.113742390144322
13 12 0.207110846730892
13 13 0.0905156049911522
13 14 0.0903535776150148
13 15 0.0758046988089395
13 16 0.0514692338384509
13 17 0.0538826042085747
13 18 0.167826616448241
13 19 0.0772375160493514
13 2 0.0790519958064956
13 20 0.0568990961136514
13 21 0.074585225174636
13 22 0.031549177272845
13 23 0.0640145026394112
13 24 0.0505749723048169
13 25 0.0686297083771505
13 26 0.0919547909089849
13 27 0.051366635830563
13 28 0.132086081003849
13 29 0.0715863056394002
13 3 0.00685470662934058
13 30 0.0775985778435371
13 31 0.0498993957203104
13 32 0.129190315863942
13 33 0.0342404961261873
13 34 0.114911025534443
13 35 0.0589876970010551
13 36 0.0526314285707398
13 37 0.111174358981222
13 38 0.0585395395267669
13 39 0.0658728123661594
13 4 0.056912575847031
13 40 0.116393424610591
13 41 0.129023378052847
13 42 0.0425100016223947
13 43 0.115538212781182
13 44 0.127544151618832
13 45 0.0817852134423684
13 46 0.0809590092717007
13 47 0.102341328631335
13 48 0.148038161932793
13 49 0.167051120293154
13 5 0.125688430020819
13 50 0.0763197492408045
13 51 0.199976950401923
13 52 0.0502884251244339
13 53 0.0733189323787133
13 54 0.0699425134729502
13 55 0.0902137322815852
13 56 0.113653132748661
13 57 0.0671037007845133
13 58 0.0165732886642441
13 59 0.0459655843163234
13 6 0.065271050882822
13 60 0.156518295421823
13 61 0.0843154614764311
13 62 0.01650756460912
13 63 0.0977380676200646
13 64 0.04478450268076
13 65 0.111715452692603
13 66 0.15078502933668
13 67 0.006763324806765
13 68 0.0571454916462332
13 69 0.0502496563744442
13 7 0.0564113466798157
13 70 0.0318625767221865
13 71 0.0592839637960771
13 72 0.0768769701645075
13 73 0.0504373983399042
13 74 0.123993975911301
13 75 0.0542696700284545
13 76 0.127353021280373
13 77 0.0893706085154569
13 78 0.0605067215218634
13 79 0.152255727829658
13 8 0.225948864298751
13 80 0.0913348712961804
13 81 0.148495420363294
13 82 0.0984626626383581
13 83 0.185534084432677
13 84 0.0925922589371621
13 85 0.148807123216871
13 86 0.0554474067688674
13 87 0.0620587514115485
13 88 0.113691379430694
13 89 0.0808351143094031
13 9 0.0504417761620502
13 90 0.106462540947281
13 91 0.0515084800439805
13 92 0.134669844858248
13 93 0.103652012973155
13 94 0.0507087365897432
13 95 0.0687162117227186
13 96 0.144518500976827
13 97 0.114152470971214
13 98 0.217444956466261
13 99 0.135806945583762
14 1 0.534012407766038
14 10 0.491901058397817
14 100 0.535019854165664
14 11 0.48588336221397
14 12 0.497104559320452
14 13 0.613763019020049
14 14 0.416443151009952
14 15 0.452079517841172
14 16 0.481686950039097
14 17 0.524457266259108
14 18 0.465590787249712
14 19 0.458362117153175
14 2 0.542331216225398
14 20 0.432798358971007
14 21 0.458026383319579
14 22 0.341137668646287
14 23 0.455358133015854
14 24 0.509542020587533
14 25 0.476444263121277
14 26 0.516882294151005
14 27 0.384485379759613
14 28 0.495993367464302
14 29 0.483408970582138
14 3 0.457478620171236
14 30 0.477818490817883
14 31 0.42617437809943
14 32 0.404851162557013
14 33 0.527300736020942
14 34 0.480609412558404
14 35 0.552837427525791
14 36 0.390573836434522
14 37 0.43894034405539
14 38 0.492370163423674
14 39 0.450176557729157
14 4 0.424463663448129
14 40 0.480650328531986
14 41 0.588989180905455
14 42 0.400259613628069
14 43 0.454197159471194
14 44 0.444059313049499
14 45 0.564203660150514
14 46 0.513024313490728
14 47 0.510984286590419
14 48 0.328157851011524
14 49 0.568159186564482
14 5 0.542239072965315
14 50 0.537731575392622
14 51 0.47435329010861
14 52 0.572962473108811
14 53 0.493323076880377
14 54 0.515705666177224
14 55 0.429192576224769
14 56 0.48130349139674
14 57 0.48267417882542
14 58 0.340572979253502
14 59 0.499818068442765
14 6 0.501931041725544
14 60 0.352825553020766
14 61 0.557153081478962
14 62 0.24313905951524
14 63 0.455225608062733
14 64 0.469674218004174
14 65 0.438701512571553
14 66 0.629373082810414
14 67 0.433592463370736
14 68 0.548903232205357
14 69 0.533615364263804
14 7 0.55504187601391
14 70 0.378835695037148
14 71 0.487399067411668
14 72 0.557695451979387
14 73 0.430453828931188
14 74 0.43078263919719
14 75 0.415617416510522
14 76 0.412056665066003
14 77 0.416825597198714
14 78 0.523861573244276
14 79 0.41026287381149
14 8 0.550337363143349
14 80 0.465968743143386
14 81 0.584325809456579
14 82 0.590015624560926
14 83 0.28998212906624
14 84 0.515130010884648
14 85 0.521688407166238
14 86 0.594239352920178
14 87 0.490335593123395
14 88 0.458698740178546
14 89 0.441212507061634
14 9 0.424638634793797
14 90 0.560702117469381
14 91 0.421869970805654
14 92 0.47225406476211
14 93 0.497580639374915
14 94 0.4493272582707
14 95 0.521733518959493
14 96 0.399971462028079
14 97 0.439461735741933
14 98 0.447726043075579
14 99 0.432012327845114
15 1 0.877146708225337
15 10 0.850562801485183
15 100 0.89189114173362
15 11 0.81155984196103
15 12 0.879167097701627
15 13 0.886149273944559
15 14 0.830054697479778
15 15 0.829145049243816
15 16 0.834441801623198
15 17 0.869378105681322
15 18 0.852552278377577
15 19 0.860640065411055
15 2 0.885978621143157
15 20 0.809739559131354
15 21 0.842158650006264
15 22 0.856198746766356
15 23 0.851322100085521
15 24 0.893100729620951
15 25 0.852662099588305
15 26 0.829984739863469
15 27 0.795597818553468
15 28 0.886723978804026
15 29 0.923456670063115
15 3 0.881147876235937
15 30 0.85059191528662
15 31 0.823293732399531
15 32 0.864781246887996
15 33 0.903576315834891
15 34 0.851255616901118
15 35 0.833975752920477
15 36 0.88930590312383
15 37 0.85185655996867
15 38 0.859942019098308
15 39 0.898005454307498
15 4 0.879125660348545
15 40 0.896247877907232
15 41 0.885964201183245
15 42 0.840818967404832
15 43 0.863044248285046
15 44 0.8625218968123
15 45 0.859248922228645
15 46 0.834791414152428
15 47 0.820453720267074
15 48 0.814901431335891
15 49 0.879468426894844
15 5 0.786883105075406
15 50 0.904589077122557
15 51 0.853935748109488
15 52 0.901235790186474
15 53 0.848102891049252
15 54 0.867342870367524
15 55 0.856003059247786
15 56 0.850943755484786
15 57 0.875883860034125
15 58 0.859097270695377
15 59 0.823618136676952
15 6 0.812589978382558
15 60 0.827376970381743
15 61 0.88314086021165
15 62 0.855539721012061
15 63 0.895381720684475
15 64 0.887391638169417
15 65 0.900300478697626
15 66 0.861631488813238
15 67 0.873614028356645
15 68 0.848691306480186
15 69 0.831857005726813
15 7 0.858784413549153
15 70 0.863939115909038
15 71 0.860628732767
15 72 0.863351460485678
15 73 0.851383875402876
15 74 0.871379921355274
15 75 0.83435803174893
15 76 0.850361846455197
15 77 0.820557198200669
15 78 0.905677207727878
15 79 0.854827948111991
15 8 0.889164781380229
15 80 0.864664588226801
15 81 0.856287602138262
15 82 0.850412851925191
15 83 0.842680296545234
15 84 0.898973167832831
15 85 0.853892282886138
15 86 0.852511032058827
15 87 0.865315289307998
15 88 0.903314166349335
15 89 0.83950744529842
15 9 0.859637955976401
15 90 0.855589662078883
15 91 0.868918605820327
15 92 0.836016757538986
15 93 0.869332756832502
15 94 0.888570333350084
15 95 0.847269859901493
15 96 0.810436212705901
15 97 0.886338545905976
15 98 0.887619469830465
15 99 0.819427919009652
16 1 0.0450709650574482
16 10 0.127651918965076
16 100 0.0960426198015208
16 11 0.116020926721702
16 12 0.0429876007911824
16 13 0.0671564716121835
16 14 0.0690535839757329
16 15 0.0552418012157335
16 16 0.111150583817867
16 17 0.0944928781911687
16 18 0.0963755478425356
16 19 0.0919916916640817
16 2 0.0996554612121337
16 20 0.0472205087220055
16 21 0.0483620044845783
16 22 0.097127726236155
16 23 0.0967175408528145
16 24 0.0832149196018136
16 25 0.0884240953521926
16 26 0.087835999889197
16 27 0.0675341910451913
16 28 0.109338842219115
16 29 0.0579991092234267
16 3 0.0356579806427663
16 30 0.119581807933992
16 31 0.0847702370549405
16 32 0.0812588716311965
16 33 0.0827589228718779
16 34 0.0683925697419673
16 35 0.100227804754928
16 36 0.0685362720787992
16 37 0.0636320475154164
16 38 0.0795922544495199
16 39 0.113879027571048
16 4 0.0812386681781726
16 40 0.0667801312169366
16 41 0.116155899409711
16 42 0.059524779230307
16 43 0.12290435737831
16 44 0.102446507656342
16 45 0.0864885632006378
16 46 0.090304286860323
16 47 0.104269794997398
16 48 0.0863140838335879
16 49 0.1214201108582
16 5 0.0501249520405154
16 50 0.101515553440948
16 51 0.0614160941778074
16 52 0.0501943040545427
16 53 0.0848892278566112
16 54 0.0986742569302625
16 55 0.12019531424627
16 56 0.0764959807119538
16 57 0.0941682909339375
16 58 0.114086447032883
16 59 0.0946429797366774
16 6 0.0923687709666953
16 60 0.0929420507175659
16 61 0.0613640625917991
16 62 0.0706175051541263
16 63 0.0638862236292183
16 64 0.0467588895924574
16 65 0.0658515637817024
16 66 0.0809579876170567
16 67 0.0957866075888451
16 68 0.0792340357441153
16 69 0.120207927012623
16 7 0.0867027062195209
16 70 0.0848664618402371
16 71 0.0983999386230169
16 72 0.104435262614416
16 73 0.127243231988322
16 74 0.118831938827165
16 75 0.0848683457303905
16 76 0.0597307208398565
16 77 0.0663826630669791
16 78 0.101608948052993
16 79 0.140019559233161
16 8 0.0783088618636786
16 80 0.170645310423733
16 81 0.0967624695305171
16 82 0.120449195751441
16 83 0.0641349371230134
16 84 0.0899092099701793
16 85 0.0608417032333505
16 86 0.147609904057511
16 87 0.116885840060066
16 88 0.104472784804231
16 89 0.0975698355371322
16 9 0.088645365176406
16 90 0.129816958333756
16 91 0.0418624735997103
16 92 0.108702446046749
16 93 0.157115552263117
16 94 0.109303811898718
16 95 0.11786933775024
16 96 0.0897272927804162
16 97 0.105818689212231
16 98 0.105057011038844
16 99 0.0799299846879439
17 1 0.429408729725678
17 10 0.460152489347421
17 100 0.421182509467968
17 11 0.544212676954598
17 12 0.448265898638715
17 13 0.426856606490498
17 14 0.490641683893292
17 15 0.38996690710411
17 16 0.429152004081411
17 17 0.579595953976678
17 18 0.581105211309179
17 19 0.463975352551211
17 2 0.510413955357828
17 20 0.518656688986475
17 21 0.351963739738789
17 22 0.451980194613018
17 23 0.421254316155233
17 24 0.5342291765095
17 25 0.471867056735621
17 26 0.45458932855214
17 27 0.462860607233407
17 28 0.503927082028974
17 29 0.423930104083439
17 3 0.426761532580159
17 30 0.495715448269946
17 31 0.487687976696341
17 32 0.481876622799339
17 33 0.457916902913221
17 34 0.469863664484073
17 35 0.49921702309982
17 36 0.488449058852233
17 37 0.421721777520583
17 38 0.416122913727168
17 39 0.483240793020178
17 4 0.441969281348684
17 40 0.542111369139046
17 41 0.484160827131319
17 42 0.448982141756471
17 43 0.529730778436525
17 44 0.570973030184455
17 45 0.468302248733243
17 46 0.406619798107086
17 47 0.450357929267518
17 48 0.466650808536244
17 49 0.480077165187749
17 5 0.497125476942876
17 50 0.583460363851026
17 51 0.516194184452192
17 52 0.467592142897864
17 53 0.468830813592589
17 54 0.428452702071353
17 55 0.486937771272388
17 56 0.483836437245261
17 57 0.417985105900952
17 58 0.355363557972409
17 59 0.56755415152773
17 6 0.480629574214404
17 60 0.51419992253016
17 61 0.498640066836514
17 62 0.544573496117305
17 63 0.523368732877487
17 64 0.536185936760713
17 65 0.376064769266986
17 66 0.445659414357112
17 67 0.486580282039508
17 68 0.456727172580153
17 69 0.522275400488656
17 7 0.467762593161686
17 70 0.4893308478254
17 71 0.438564488751244
17 72 0.456802154806198
17 73 0.385755186535131
17 74 0.526085816600962
17 75 0.49429483001331
17 76 0.442887977842996
17 77 0.482360976949575
17 78 0.472488348958285
17 79 0.392703069311095
17 8 0.457703061640638
17 80 0.416491948523071
17 81 0.51364485741818
17 82 0.429988866742747
17 83 0.474007348108301
17 84 0.402800275873414
17 85 0.46522358603915
17 86 0.45768220321235
17 87 0.492464699551207
17 88 0.420065346245271
17 89 0.485940678311431
17 9 0.522948209465977
17 90 0.54876342627964
17 91 0.466026314648428
17 92 0.44776226893056
17 93 0.476956269493171
17 94 0.52537389237864
17 95 0.507753375704666
17 96 0.548038764341063
17 97 0.497922982774535
17 98 0.429608072611379
17 99 0.451723089721318
18 1 0.858138296346849
18 10 0.872605708330291
18 100 0.861893985138301
18 11 0.884869465114164
18 12 0.883194316309081
18 13 0.883266772943721
18 14 0.869732614124102
18 15 0.878447131354005
18 16 0.877665536171258
18 17 0.876332718943336
18 18 0.849888329853469
18 19 0.871925715148212
18 2 0.872267089062582
18 20 0.867508964038211
18 21 0.873914832107399
18 22 0.885030503393039
18 23 0.870063560176383
18 24 0.847625472491341
18 25 0.8468221101838
18 26 0.871307276505439
18 27 0.863336130751039
18 28 0.826802050803707
18 29 0.85862442438903
18 3 0.845548123135384
18 30 0.840916112440047
18 31 0.85612130647337
18 32 0.885235158995332
18 33 0.856782179084666
18 34 0.844812036134842
18 35 0.87666014744037
18 36 0.878499997125393
18 37 0.845406759770369
18 38 0.848840643784759
18 39 0.880757622754732
18 4 0.880642701558689
18 40 0.870660563371801
18 41 0.871125834771987
18 42 0.840394049753653
18 43 0.871286829841534
18 44 0.86518545399174
18 45 0.86826895958119
18 46 0.856587465220383
18 47 0.875761096589602
18 48 0.888713838606451
18 49 0.855361338359662
18 5 0.860224513259657
18 50 0.855793431160705
18 51 0.860126021864769
18 52 0.864973548789679
18 53 0.839304107071852
18 54 0.845680292968617
18 55 0.853266402474637
18 56 0.862684159690128
18 57 0.865375521337409
18 58 0.883527135980063
18 59 0.884297161623345
18 6 0.841167652533469
18 60 0.865860278376073
18 61 0.861440939353827
18 62 0.852768176300412
18 63 0.753967993575028
18 64 0.867827988723781
18 65 0.877736855113859
18 66 0.867711288722198
18 67 0.866182061589201
18 68 0.860276852258478
18 69 0.887262474759739
18 7 0.869355693818373
18 70 0.861743172636344
18 71 0.85113284331027
18 72 0.851878742883559
18 73 0.889400716312131
18 74 0.85168675681132
18 75 0.870530688731965
18 76 0.839938813984021
18 77 0.850018215940014
18 78 0.864189403809307
18 79 0.844695748868845
18 8 0.84753915199497
18 80 0.826745871296901
18 81 0.885718465975283
18 82 0.836565873361806
18 83 0.859067939347505
18 84 0.884591363034661
18 85 0.862002753761023
18 86 0.871904460161531
18 87 0.857385870505689
18 88 0.849928873883198
18 89 0.838934199362286
18 9 0.878423430762011
18 90 0.878898605984231
18 91 0.857872570115987
18 92 0.823868189059779
18 93 0.869083120331922
18 94 0.888313744140481
18 95 0.844451570455553
18 96 0.865442503349495
18 97 0.871086613241284
18 98 0.872626939186381
18 99 0.887964779851295
19 1 0.197062967333492
19 10 0.141431062051934
19 100 0.147568813441118
19 11 0.106256798897651
19 12 0.135844766799598
19 13 0.0876744926924339
19 14 0.173385193800224
19 15 0.228636529410797
19 16 0.094541774207767
19 17 0.0457467231594658
19 18 0.187707201798406
19 19 0.0111759574741517
19 2 0.386529077723563
19 20 0.168651291934207
19 21 0.0531334864570644
19 22 0.00640893258298451
19 23 0.0177605068712207
19 24 0.0352348057850438
19 25 0.0158523411063221
19 26 0.155366150471054
19 27 0.135548962330451
19 28 0.127248383975716
19 29 0.129176145920725
19 3 0.132103135871955
19 30 0.250504449017776
19 31 0.0524720891203736
19 32 0.117002663647132
19 33 0.000130783498366218
19 34 0.0889696027305279
19 35 0.090556204763847
19 36 0.0671272297071477
19 37 0.122326950591697
19 38 0.0329393162024941
19 39 0.226930656455828
19 4 0.250144091366398
19 40 0.198348019711231
19 41 0.134972186632154
19 42 0.0139099682567872
19 43 0.0734524160475346
19 44 0.240731830855303
19 45 0.0600918236001894
19 46 1.15552468333125e-05
19 47 0.104899506745761
19 48 0.187165908635295
19 49 0.123561849425515
19 5 0.0130643754972072
19 50 0.101143691937119
19 51 0.0659941946525734
19 52 0.0856655859476525
19 53 0.0987220904179348
19 54 0.00953291165153256
19 55 0.108208570275308
19 56 0.142325162345076
19 57 0.135227037941076
19 58 0.0712410047462384
19 59 0.0807275654300939
19 6 0.118230871535152
19 60 0.0414048462051249
19 61 0.12120438031761
19 62 0.0437384345881442
19 63 0.233324889875888
19 64 0.143232533708075
19 65 0.0879899698132941
19 66 0.0861191526407733
19 67 0.164707428096686
19 68 0.135797017870222
19 69 0.0392256280260233
19 7 0.247597854016142
19 70 0.0119658862341152
19 71 0.0461262641243341
19 72 0.0171069612799853
19 73 0.0834217328254096
19 74 0.0826013339714105
19 75 0.113814003256418
19 76 0.0538062222720077
19 77 0.0267889000230546
19 78 0.19724781313296
19 79 8.06994542937231e-05
19 8 0.348831458094512
19 80 0.171375177859273
19 81 0.0384822414363474
19 82 0.140134904356825
19 83 0.0231643384164683
19 84 0.111912703197869
19 85 0.137090232871879
19 86 0.193388995435636
19 87 0.199731065750917
19 88 0.173684191772002
19 89 0.00297794828125535
19 9 0.0644422690366833
19 90 0.34172122921754
19 91 0.0343250403680435
19 92 0.0640501802556675
19 93 0.172120615743719
19 94 0.114494303820467
19 95 0.196023845935319
19 96 0.0440587346519365
19 97 0.192618714447764
19 98 0.228371630408945
19 99 0.0768216481917656
2 1 0.407537294877266
2 10 0.306422347305357
2 100 0.711161401841358
2 11 0.563849227006849
2 12 0.39592896921698
2 13 0.601072302203639
2 14 0.464249746260929
2 15 0.343638695860037
2 16 0.540610942252591
2 17 0.541365635503619
2 18 0.593272804685856
2 19 0.478328358795729
2 2 0.435917203650372
2 20 0.298341250563108
2 21 0.343870795566044
2 22 0.381892675780126
2 23 0.506366553550299
2 24 0.40121972476489
2 25 0.213473659652904
2 26 0.638685098614043
2 27 0.389653972340994
2 28 0.566104637887287
2 29 0.531148543257968
2 3 0.447817925138681
2 30 0.485705269306903
2 31 0.645196402540202
2 32 0.250545791818523
2 33 0.308254182061013
2 34 0.219627983416931
2 35 0.425513994054495
2 36 0.247459170491792
2 37 0.264920742212442
2 38 0.672896727237326
2 39 0.442576509207506
2 4 0.304830112984005
2 40 0.573212145434026
2 41 0.496422139615854
2 42 0.474350214697934
2 43 0.48699565871999
2 44 0.404543691046174
2 45 0.706208906794366
2 46 0.537179462270076
2 47 0.388452103251842
2 48 0.290113765824392
2 49 0.37948917258499
2 5 0.705150593386655
2 50 0.605725773277975
2 51 0.690217378621089
2 52 0.286507511901918
2 53 0.507473626920581
2 54 0.462631090765947
2 55 0.653582474611204
2 56 0.459009538568987
2 57 0.326819479633799
2 58 0.268996557653833
2 59 0.297059011104901
2 6 0.692456272854824
2 60 0.430803798885198
2 61 0.576443464722625
2 62 0.561030786655011
2 63 0.61200884993175
2 64 0.475059627708352
2 65 0.622895295794793
2 66 0.510296403334981
2 67 0.675168908465799
2 68 0.634959399953611
2 69 0.555587829245914
2 7 0.445027971930976
2 70 0.63064015959025
2 71 0.408106416545256
2 72 0.538298698869294
2 73 0.291669180174118
2 74 0.395096876305267
2 75 0.698515312361074
2 76 0.320930182551217
2 77 0.246864247385693
2 78 0.547733224678738
2 79 0.578450938182302
2 8 0.389044575230964
2 80 0.380379315289776
2 81 0.259979315852887
2 82 0.385507683932462
2 83 0.478554349870414
2 84 0.311971489746609
2 85 0.273615143645338
2 86 0.697434242066079
2 87 0.744126552127329
2 88 0.281010195243605
2 89 0.457421532623957
2 9 0.556548106749908
2 90 0.563487201261305
2 91 0.145450539594054
2 92 0.493555343188729
2 93 0.450109587297513
2 94 0.508203868853531
2 95 0.477740274860263
2 96 0.477320181895424
2 97 0.435529249570318
2 98 0.563885060941872
2 99 0.50896272036863
20 1 0.239885546122168
20 10 0.313751639082167
20 100 0.415107906988443
20 11 0.579854427078003
20 12 0.408475835920237
20 13 0.357367315427703
20 14 0.468660543204281
20 15 0.49637479298691
20 16 0.426472376942904
20 17 0.553563562537731
20 18 0.453728001363481
20 19 0.346139265183815
20 2 0.56150573822794
20 20 0.468765077740349
20 21 0.688145337103904
20 22 0.657680120154043
20 23 0.611091057875292
20 24 0.492958992497991
20 25 0.60289672975465
20 26 0.597403648822496
20 27 0.447610033552846
20 28 0.542340824489049
20 29 0.319692034247147
20 3 0.330141618654963
20 30 0.333191632848656
20 31 0.551779036475161
20 32 0.196138850846679
20 33 0.513762801988103
20 34 0.504792432876782
20 35 0.449962273610231
20 36 0.414147507644083
20 37 0.517640553678894
20 38 0.539694757744245
20 39 0.512569612268108
20 4 0.511220773857873
20 40 0.409431717384331
20 41 0.643499742838621
20 42 0.468031682949765
20 43 0.524515549852367
20 44 0.482112622048091
20 45 0.5501698110986
20 46 0.6467698239669
20 47 0.586719515785615
20 48 0.636212077832911
20 49 0.559475381490953
20 5 0.249547937444598
20 50 0.451292759783769
20 51 0.461874324034884
20 52 0.524444338805026
20 53 0.679847151441976
20 54 0.419445620814908
20 55 0.578146320952028
20 56 0.64540733472715
20 57 0.533936400230294
20 58 0.244678755146009
20 59 0.532769847860243
20 6 0.583342141515465
20 60 0.592571869620666
20 61 0.370449991321931
20 62 0.5944988788564
20 63 0.314914261223172
20 64 0.439185747682442
20 65 0.493456003588479
20 66 0.595092364731851
20 67 0.490491170611928
20 68 0.541232733772929
20 69 0.500853545550499
20 7 0.694141610693419
20 70 0.459752614651794
20 71 0.370698409461705
20 72 0.31258766987723
20 73 0.322952013048816
20 74 0.503085144566616
20 75 0.391669329893149
20 76 0.504132663231621
20 77 0.429148547725487
20 78 0.432415590244237
20 79 0.496168771517633
20 8 0.584162272135357
20 80 0.540354773635388
20 81 0.53571736561277
20 82 0.498094213239965
20 83 0.574482560650114
20 84 0.556352026862133
20 85 0.376361875354522
20 86 0.547059634235141
20 87 0.376829334624208
20 88 0.518224331255256
20 89 0.500543088965458
20 9 0.537895947582082
20 90 0.435413849637927
20 91 0.353686986517402
20 92 0.485459607710627
20 93 0.495089532344458
20 94 0.637200915857397
20 95 0.643339302444631
20 96 0.432558133124333
20 97 0.584731450217455
20 98 0.309866516278263
20 99 0.444785028154856
21 1 0.905650805572549
21 10 0.81304011210345
21 100 0.905862655700294
21 11 0.873137976886339
21 12 0.864668047005984
21 13 0.820430648068732
21 14 0.922795676256475
21 15 0.880588096440281
21 16 0.854216960300044
21 17 0.89569611453969
21 18 0.889657583550172
21 19 0.897957947868875
21 2 0.929298805420571
21 20 0.902445740053613
21 21 0.830441915441232
21 22 0.850462183225506
21 23 0.875281366596673
21 24 0.888588086112323
21 25 0.870484923366487
21 26 0.858276643673097
21 27 0.873086128504605
21 28 0.85895174789891
21 29 0.769606218539622
21 3 0.834706424369349
21 30 0.851277900599396
21 31 0.863446235138656
21 32 0.824068841097317
21 33 0.870114771011215
21 34 0.917276955722696
21 35 0.900457705852886
21 36 0.904738201495358
21 37 0.875275550694644
21 38 0.863810219406758
21 39 0.861691931909734
21 4 0.89191322453346
21 40 0.862432518566035
21 41 0.80324058069987
21 42 0.841679268187318
21 43 0.833975129884102
21 44 0.866751944068869
21 45 0.785356660704129
21 46 0.882570099134646
21 47 0.845594726915043
21 48 0.838867651899596
21 49 0.853187620193043
21 5 0.878512675028641
21 50 0.906289658504289
21 51 0.891323344496559
21 52 0.855941715646519
21 53 0.909256723453945
21 54 0.933537765031043
21 55 0.866887382821691
21 56 0.840351579785822
21 57 0.89966614210307
21 58 0.827771115896537
21 59 0.869645950902147
21 6 0.855182537701782
21 60 0.906860776640177
21 61 0.925240690107283
21 62 0.898450534019987
21 63 0.861876213633736
21 64 0.811282205616963
21 65 0.854678300933168
21 66 0.822275461582322
21 67 0.831190927629848
21 68 0.904416261695838
21 69 0.846102928085592
21 7 0.898111043663336
21 70 0.91072439510091
21 71 0.909398427332463
21 72 0.898590228555542
21 73 0.90424579627113
21 74 0.883644928508767
21 75 0.922533686550294
21 76 0.827620579527553
21 77 0.810202726349615
21 78 0.783966089291887
21 79 0.851441336830411
21 8 0.89142153869389
21 80 0.872068869974133
21 81 0.916731764563647
21 82 0.890464007438346
21 83 0.754914191538898
21 84 0.793708400133603
21 85 0.836140817846041
21 86 0.80930141509094
21 87 0.92036123276145
21 88 0.859274199144505
21 89 0.85022890824609
21 9 0.922352193315851
21 90 0.790169769159759
21 91 0.913431497080998
21 92 0.71257795971961
21 93 0.845253287841496
21 94 0.869481555383089
21 95 0.90993134877225
21 96 0.81842505977567
21 97 0.87921138248387
21 98 0.902497207140828
21 99 0.831663861998889
22 1 0.0246078961833011
22 10 0.0827762995478428
22 100 0.108194758031407
22 11 0.104322735110545
22 12 0.073547355291579
22 13 0.110424189604387
22 14 0.128026043158413
22 15 0.0664909522123305
22 16 0.103053165532419
22 17 0.0821989420665711
22 18 0.122141626013956
22 19 0.0623437840923683
22 2 0.0802631504882671
22 20 0.0359317903006588
22 21 0.16506166953567
22 22 0.0714015276610358
22 23 0.0746665711509829
22 24 0.0535050088765164
22 25 0.0699312746371068
22 26 0.232103298610105
22 27 0.0645162200855778
22 28 0.0814907137349439
22 29 0.107320961873082
22 3 0.158984773906115
22 30 0.0323513303123151
22 31 0.148645195153196
22 32 0.075973471225159
22 33 0.13037148582284
22 34 0.0610197604922975
22 35 0.172120986315064
22 36 0.0691986475914352
22 37 0.103732742590981
22 38 0.195582103454597
22 39 0.0637739830419535
22 4 0.189901778580547
22 40 0.0773370326624888
22 41 0.0274042823219511
22 42 0.0438118482724428
22 43 0.0799027912020529
22 44 0.076234960926525
22 45 0.147420427482929
22 46 0.0900425349257453
22 47 0.0465410515887862
22 48 0.0832334237060812
22 49 0.105704906889855
22 5 0.132003107951582
22 50 0.0540973061089643
22 51 0.0921819897892841
22 52 0.192510121689499
22 53 0.114970513844558
22 54 0.12764430948603
22 55 0.0472606261083402
22 56 0.103941969828263
22 57 0.121943322798319
22 58 0.0508057746119435
22 59 0.105645080975796
22 6 0.153596240940902
22 60 0.0660347555490349
22 61 0.105892968355444
22 62 0.106538160199268
22 63 0.0843904044381596
22 64 0.100010872837107
22 65 0.104091148936863
22 66 0.0625379712460057
22 67 0.0603779380857843
22 68 0.0830860278498719
22 69 0.104328501701451
22 7 0.19010566333698
22 70 0.118391420741763
22 71 0.056870871355655
22 72 0.057008240166843
22 73 0.109281134328637
22 74 0.0555889892308995
22 75 0.0713385318367832
22 76 0.122499062104007
22 77 0.0352508325121811
22 78 0.0525714376221226
22 79 0.112857963909997
22 8 0.124004829411698
22 80 0.101138561209529
22 81 0.0216279740039951
22 82 0.127589487526901
22 83 0.0241491146336291
22 84 0.142072854724863
22 85 0.133278523726358
22 86 0.103451426777043
22 87 0.123671070132955
22 88 0.139000525155068
22 89 0.201873713926567
22 9 0.0960295404381314
22 90 0.107196596365006
22 91 0.0359350133522594
22 92 0.0703158907481215
22 93 0.138283235230342
22 94 0.119466286858891
22 95 0.0771151117323824
22 96 0.052825200293193
22 97 0.142625359922377
22 98 0.209261014793508
22 99 0.122526615339995
23 1 0.46652223736417
23 10 0.465882708706175
23 100 0.492131787902666
23 11 0.440048248589937
23 12 0.388315895451595
23 13 0.403073383982157
23 14 0.465165186373096
23 15 0.535067114063465
23 16 0.451202256653888
23 17 0.428404625996454
23 18 0.469291228708093
23 19 0.573846487023755
23 2 0.394543882360251
23 20 0.501502780917165
23 21 0.501536141707929
23 22 0.495909058729006
23 23 0.431921819229211
23 24 0.479657024975914
23 25 0.557181570997792
23 26 0.545672626138804
23 27 0.558201028576217
23 28 0.536384984450808
23 29 0.512883540635947
23 3 0.344712641629475
23 30 0.428220492943747
23 31 0.51186651958178
23 32 0.513960652934191
23 33 0.367046200802843
23 34 0.45915643265356
23 35 0.516205690825303
23 36 0.508261210276966
23 37 0.442325948968681
23 38 0.381574650353738
23 39 0.531618349696345
23 4 0.436200013384257
23 40 0.583072366369317
23 41 0.490175135820936
23 42 0.375096967422767
23 43 0.487692257370527
23 44 0.507176829752693
23 45 0.479087010812365
23 46 0.422808863903897
23 47 0.379707665960677
23 48 0.4496951035206
23 49 0.413327194308644
23 5 0.558175636837621
23 50 0.485065296250922
23 51 0.527901426232986
23 52 0.445528539816167
23 53 0.513167905400832
23 54 0.581823044580329
23 55 0.410262019619017
23 56 0.499234662190276
23 57 0.472905680192776
23 58 0.562273628092502
23 59 0.483319310183696
23 6 0.473962802527899
23 60 0.454513092147893
23 61 0.467372259443407
23 62 0.400703705276553
23 63 0.554706628502914
23 64 0.400750123527008
23 65 0.431710367191245
23 66 0.498482823033072
23 67 0.472887691422424
23 68 0.443078632737875
23 69 0.40921705451436
23 7 0.570284570091208
23 70 0.427191152991901
23 71 0.460689954917589
23 72 0.521123902350654
23 73 0.49975446108086
23 74 0.511412619350433
23 75 0.559294300224859
23 76 0.414613342465013
23 77 0.572523693977116
23 78 0.459499720599827
23 79 0.475560357684282
23 8 0.511226885759923
23 80 0.481618783405812
23 81 0.433838228519416
23 82 0.521106859497567
23 83 0.446453661315609
23 84 0.484148587587634
23 85 0.492044581192904
23 86 0.550338385694089
23 87 0.379905398136514
23 88 0.497403980355472
23 89 0.535747680582086
23 9 0.403520438013238
23 90 0.446419276301832
23 91 0.493789163459619
23 92 0.505461307387036
23 93 0.516442848113664
23 94 0.517901117611714
23 95 0.609813427262113
23 96 0.506849210476201
23 97 0.490132953583249
23 98 0.507930634515844
23 99 0.472084200586332
24 1 0.832487443566736
24 10 0.872810460933722
24 100 0.870509963048208
24 11 0.867185660234422
24 12 0.846732544107093
24 13 0.863053617358949
24 14 0.87980254751127
24 15 0.906511564723713
24 16 0.865143223095998
24 17 0.847136951757021
24 18 0.874388947812086
24 19 0.909573357535464
24 2 0.835198034896318
24 20 0.8757187603443
24 21 0.844135672081989
24 22 0.889171645381871
24 23 0.862510712943558
24 24 0.884910086091943
24 25 0.849347943382146
24 26 0.873017071620044
24 27 0.854694128178209
24 28 0.872460149576644
24 29 0.821853441397424
24 3 0.87986857685712
24 30 0.904365031604122
24 31 0.870338410324086
24 32 0.888685366839927
24 33 0.875081393963049
24 34 0.859222423724016
24 35 0.849566217198175
24 36 0.878469700805786
24 37 0.829143393711719
24 38 0.853977604517579
24 39 0.835523656013301
24 4 0.861796262814912
24 40 0.848135021629504
24 41 0.843158108979604
24 42 0.854739552682494
24 43 0.846157294499837
24 44 0.870493083036458
24 45 0.868961154039202
24 46 0.869346284649367
24 47 0.863933728639247
24 48 0.846787614200063
24 49 0.851582855949997
24 5 0.839622599948279
24 50 0.86388383850819
24 51 0.863944680612646
24 52 0.837113157266212
24 53 0.871961524103849
24 54 0.839915646817052
24 55 0.856056691055582
24 56 0.876337306576454
24 57 0.862129597716362
24 58 0.879672388726942
24 59 0.86948907021214
24 6 0.87770370882495
24 60 0.864740211357127
24 61 0.861388585313687
24 62 0.860213364430405
24 63 0.869093900351054
24 64 0.882198678504269
24 65 0.87727537981754
24 66 0.811866089540046
24 67 0.845605797326515
24 68 0.866663245487841
24 69 0.86483926770091
24 7 0.89171715365089
24 70 0.862075697039454
24 71 0.86414211791361
24 72 0.874515728205581
24 73 0.869872954117573
24 74 0.884867720367988
24 75 0.878586939487463
24 76 0.879514123006147
24 77 0.890481697267754
24 78 0.796610786815425
24 79 0.870619627345008
24 8 0.892857127199277
24 80 0.857543848866042
24 81 0.88879960238276
24 82 0.820737493036053
24 83 0.875751051593923
24 84 0.866415866981504
24 85 0.871152931348711
24 86 0.883920849696041
24 87 0.871781410573347
24 88 0.875944746761919
24 89 0.791630714099072
24 9 0.874008579752784
24 90 0.883776332602604
24 91 0.888945610278415
24 92 0.845637718324331
24 93 0.843968280362871
24 94 0.822236065517582
24 95 0.87103484129312
24 96 0.890768562511923
24 97 0.882276074868646
24 98 0.834911099452839
24 99 0.859343837129207
25 1 0.0715946772241475
25 10 0.109141159894308
25 100 0.105327337175623
25 11 0.139058816724738
25 12 0.0590926391287023
25 13 0.0948203808660887
25 14 0.0596620362754371
25 15 0.09247128421545
25 16 0.11002045638546
25 17 0.127892544630444
25 18 0.0708489646509449
25 19 0.0941727142848683
25 2 0.100418188199929
25 20 0.0860275135715863
25 21 0.0905476537595315
25 22 0.138572746388659
25 23 0.0432771054626309
25 24 0.106902901661273
25 25 0.0644584917290809
25 26 0.0843868695355573
25 27 0.0980768535656905
25 28 0.0749334242740159
25 29 0.0753268475699476
25 3 0.0996323989518549
25 30 0.110878580510289
25 31 0.0568915449851854
25 32 0.0413475451127479
25 33 0.054750019237045
25 34 0.113549998656315
25 35 0.109210027317845
25 36 0.0628327600548128
25 37 0.115114977073841
25 38 0.132775299304173
25 39 0.122624319220813
25 4 0.0865378245888106
25 40 0.0807764161667899
25 41 0.0685237096120529
25 42 0.0588771967886926
25 43 0.0999130484928907
25 44 0.0732733043521296
25 45 0.096363307765125
25 46 0.101348209032514
25 47 0.141776262111831
25 48 0.11243388407765
25 49 0.115814488959811
25 5 0.0476850129982143
25 50 0.0771066139155087
25 51 0.108666812685124
25 52 0.0816609455528026
25 53 0.0614492425450991
25 54 0.0916189580354654
25 55 0.0822837232369766
25 56 0.100791142881584
25 57 0.104823496452994
25 58 0.114697300416495
25 59 0.0820800756602812
25 6 0.109603029337229
25 60 0.0507650428564137
25 61 0.0721131741843634
25 62 0.0696909527216172
25 63 0.132381970317481
25 64 0.0848382734831727
25 65 0.0747808815711939
25 66 0.0868075465464892
25 67 0.136067611435239
25 68 0.118550603223974
25 69 0.0809203419331829
25 7 0.0814581700331982
25 70 0.050072142735467
25 71 0.0698907188431238
25 72 0.0914562134725297
25 73 0.0408902491437829
25 74 0.0772207867325898
25 75 0.147085212101597
25 76 0.0945086699897455
25 77 0.0880192024146212
25 78 0.104140863655557
25 79 0.111226968410952
25 8 0.0736725815186163
25 80 0.0750235304642939
25 81 0.0678210801256874
25 82 0.0773638934133088
25 83 0.146220928320037
25 84 0.114355066913142
25 85 0.0833901385787818
25 86 0.0927573241370884
25 87 0.0740854587097722
25 88 0.0957040363189844
25 89 0.0915779902559662
25 9 0.0677471119803531
25 90 0.113222917665569
25 91 0.10584611286384
25 92 0.0814968261199546
25 93 0.105599541727544
25 94 0.0718520149373979
25 95 0.115802252448569
25 96 0.109956199250792
25 97 0.156189181660183
25 98 0.102758011168326
25 99 0.071428884620793
26 1 0.442665148881822
26 10 0.467869967356454
26 100 0.480385779746677
26 11 0.517848578376419
26 12 0.402481306067814
26 13 0.426513941466102
26 14 0.437813854973005
26 15 0.496287736651977
26 16 0.473195309009418
26 17 0.498090300943092
26 18 0.445702327369506
26 19 0.480711527139605
26 2 0.500885961949074
26 20 0.443485998045575
26 21 0.520307412135761
26 22 0.464983931647092
26 23 0.465078209654252
26 24 0.499866865019377
26 25 0.468306104351784
26 26 0.393518856210337
26 27 0.503195935295228
26 28 0.454920252453797
26 29 0.390897047284035
26 3 0.477307852153982
26 30 0.491768897768267
26 31 0.476129868682495
26 32 0.488219324961743
26 33 0.405361850732339
26 34 0.490167413143873
26 35 0.444846137758625
26 36 0.453516732042004
26 37 0.486533181540738
26 38 0.521886623959381
26 39 0.455979130047124
26 4 0.487850243460718
26 40 0.50552626077966
26 41 0.502885673110717
26 42 0.491944241888873
26 43 0.496556113327125
26 44 0.556541596592253
26 45 0.425977782699645
26 46 0.48708327099294
26 47 0.48677046384232
26 48 0.482160669227766
26 49 0.477193965421133
26 5 0.449596206254618
26 50 0.475487675010472
26 51 0.473945445760994
26 52 0.48320642172982
26 53 0.535031347652688
26 54 0.541634327035964
26 55 0.399727542619074
26 56 0.475476343024227
26 57 0.470222185376785
26 58 0.443187132922339
26 59 0.47952888163217
26 6 0.456685500729201
26 60 0.466398931764448
26 61 0.538044088844036
26 62 0.497825353303563
26 63 0.522356578822904
26 64 0.454177201734653
26 65 0.442084742538278
26 66 0.479555606899942
26 67 0.445426347716024
26 68 0.416192930403839
26 69 0.472406202732414
26 7 0.453727064881754
26 70 0.415207900090955
26 71 0.45966897933972
26 72 0.488898563116436
26 73 0.458059624697991
26 74 0.422164854356202
26 75 0.402163557989729
26 76 0.48930617453269
26 77 0.434444018916593
26 78 0.491493023512969
26 79 0.446808870742119
26 8 0.466535450823196
26 80 0.444013851384593
26 81 0.469711570367989
26 82 0.449772816012938
26 83 0.430550215736579
26 84 0.428219782621578
26 85 0.483441168948552
26 86 0.454114897717793
26 87 0.504938169443993
26 88 0.451017695693609
26 89 0.498992343101813
26 9 0.418304061412672
26 90 0.425988367523183
26 91 0.466451845926242
26 92 0.507901054340241
26 93 0.455127421257098
26 94 0.454927272324956
26 95 0.405610835854802
26 96 0.489676852360707
26 97 0.465463030298195
26 98 0.564555034946759
26 99 0.514336087620792
27 1 0.877062522406581
27 10 0.877300410716043
27 100 0.876665823918064
27 11 0.876589327626559
27 12 0.880582602039393
27 13 0.850296959000895
27 14 0.87988408084012
27 15 0.885361036656749
27 16 0.857709906118435
27 17 0.85313381454461
27 18 0.871522152498705
27 19 0.877365933229341
27 2 0.871416531745832
27 20 0.843872749206883
27 21 0.874638396391464
27 22 0.86839948340289
27 23 0.877310664742774
27 24 0.883314021587637
27 25 0.875970123290633
27 26 0.859967702468356
27 27 0.878391176207923
27 28 0.844112061697671
27 29 0.8650581795679
27 3 0.876599813691324
27 30 0.877076178878833
27 31 0.869191480497624
27 32 0.861171381112307
27 33 0.848093927981913
27 34 0.85807648344704
27 35 0.848829955481861
27 36 0.874707222534172
27 37 0.864682499744536
27 38 0.878536133652868
27 39 0.862424288852829
27 4 0.863867676504046
27 40 0.850628563201546
27 41 0.879363223717667
27 42 0.852979811735548
27 43 0.858385765562174
27 44 0.845374510658807
27 45 0.878886528029792
27 46 0.85971886059586
27 47 0.84940234985945
27 48 0.890612008029621
27 49 0.859843974850342
27 5 0.876495880194689
27 50 0.854195777705312
27 51 0.874386715814502
27 52 0.872101076969828
27 53 0.883756255126446
27 54 0.8523154348018
27 55 0.859938255545528
27 56 0.883594267049848
27 57 0.854269854656259
27 58 0.846661232802373
27 59 0.840669211447825
27 6 0.872960583256071
27 60 0.819561674881736
27 61 0.870944912826157
27 62 0.853754774096095
27 63 0.872789296783304
27 64 0.870597011785404
27 65 0.86788281926878
27 66 0.865677732217235
27 67 0.876443001200182
27 68 0.848470954723346
27 69 0.860264096640598
27 7 0.866302783414525
27 70 0.867636249897867
27 71 0.87999800124575
27 72 0.855803775063093
27 73 0.870443067432752
27 74 0.869220998627062
27 75 0.867681957748832
27 76 0.884942289883086
27 77 0.881840041437844
27 78 0.870209960957035
27 79 0.872886534807564
27 8 0.8685876169879
27 80 0.863515907543514
27 81 0.857934317777786
27 82 0.863099093674148
27 83 0.866363269265988
27 84 0.848918273083635
27 85 0.850971706263915
27 86 0.869527982573683
27 87 0.845679133418209
27 88 0.873235205602592
27 89 0.878755772432834
27 9 0.87198044381107
27 90 0.867502654128849
27 91 0.848691891581808
27 92 0.859499595486343
27 93 0.876906197275131
27 94 0.870616084378325
27 95 0.863617419750265
27 96 0.869669381823645
27 97 0.8689366017606
27 98 0.86837441908842
27 99 0.884043631841194
28 1 0.0954029597870791
28 10 0.0805136185697134
28 100 0.121150770066752
28 11 0.10872536153666
28 12 0.0203563862720119
28 13 0.028579293898842
28 14 0.0564689925863253
28 15 0.0599457418329871
28 16 0.106679035012104
28 17 0.0783301431656068
28 18 0.0965536710365734
28 19 0.0938808733927048
28 2 0.132130164308703
28 20 0.0403530732025429
28 21 0.160083311438523
28 22 0.0257177784809912
28 23 0.206256328877281
28 24 0.0803936968310616
28 25 0.223079178557555
28 26 0.0145991728488268
28 27 0.0256840415521807
28 28 0.179397567573455
28 29 0.126766188681802
28 3 0.220742525748312
28 30 0.0095371347437062
28 31 0.127820082677051
28 32 0.199330913988181
28 33 0.149045632526866
28 34 0.00141446210073085
28 35 0.234922978117905
28 36 0.0252975051457764
28 37 0.0889652108987907
28 38 0.020189769794916
28 39 0.0871476369753516
28 4 0.0491059345895291
28 40 0.0948301105275984
28 41 0.119175759925623
28 42 0.0612991623985745
28 43 0.0108965967938145
28 44 0.0557502356559473
28 45 0.124106178845342
28 46 0.100708806396998
28 47 0.0556772079963894
28 48 0.0598229086793571
28 49 0.0949967539745893
28 5 0.0690219742116672
28 50 7.59351672321404e-05
28 51 0.249940855609221
28 52 0.0764981627793924
28 53 0.0554446687916357
28 54 0.0445697512073186
28 55 0.146092089101219
28 56 0.102944765916955
28 57 0.19830165922943
28 58 0.190063600771185
28 59 0.0643060998998558
28 6 0.134515746330574
28 60 0.058187623044198
28 61 0.030478541774562
28 62 3.94897621431687e-07
28 63 0.083363965151301
28 64 0.0999308527533034
28 65 0.252158040288143
28 66 0.243302602898749
28 67 0.0062137292536466
28 68 0.0237078338238532
28 69 0.0712521568946434
28 7 0.0826712974175667
28 70 0.0557479133559653
28 71 0.354723291963918
28 72 0.00643992270749369
28 73 0.0978569177365121
28 74 0.00963303896504412
28 75 0.0482134425255123
28 76 0.204113851827991
28 77 0.000400154024209123
28 78 0.141364955781264
28 79 0.14400331505823
28 8 0.101521805322536
28 80 0.0874353007365865
28 81 0.0861540209957122
28 82 0.0542993888841818
28 83 0.318081989600581
28 84 0.104259756704552
28 85 0.0126920085244535
28 86 0.234015795097193
28 87 0.0309347630044087
28 88 0.0837469246970607
28 89 0.0111854600310554
28 9 0.154534912180486
28 90 0.220773191740635
28 91 0.111244349646518
28 92 0.144287900407734
28 93 0.0493373332617944
28 94 0.0264005509264183
28 95 0.0765945078348308
28 96 0.0670860534247698
28 97 0.100522376269362
28 98 0.0329186203823719
28 99 0.100080377378826
29 1 0.502284091312775
29 10 0.48589059324871
29 100 0.587861585647567
29 11 0.524057556136682
29 12 0.472054155250353
29 13 0.345421577267541
29 14 0.404959978187563
29 15 0.418561276413643
29 16 0.515481433434575
29 17 0.658576810379942
29 18 0.477130281095443
29 19 0.523684735766453
29 2 0.485496164113619
29 20 0.448775367655951
29 21 0.42370705427196
29 22 0.415890178559361
29 23 0.522198608075062
29 24 0.473723524365049
29 25 0.610529704690493
29 26 0.506303296792388
29 27 0.477539820992599
29 28 0.654672879010746
29 29 0.561359796249219
29 3 0.276173400642699
29 30 0.540676723592745
29 31 0.601545416271792
29 32 0.670623280254406
29 33 0.503360038430967
29 34 0.477261342587167
29 35 0.331206430123543
29 36 0.384454729509107
29 37 0.638615126919959
29 38 0.443797012481402
29 39 0.431189746308373
29 4 0.550648887458873
29 40 0.704002650590952
29 41 0.386276801359549
29 42 0.495070738031501
29 43 0.372179121157855
29 44 0.458451731460501
29 45 0.641529971355304
29 46 0.430038859292603
29 47 0.569585685614659
29 48 0.584672384441456
29 49 0.574678127198587
29 5 0.36441535634404
29 50 0.409377938427143
29 51 0.441369010214663
29 52 0.474310691668852
29 53 0.515416547273462
29 54 0.547096211814025
29 55 0.488118542423384
29 56 0.342795219201934
29 57 0.606711440033767
29 58 0.562496006084524
29 59 0.446582046301716
29 6 0.411240171919324
29 60 0.268871735708637
29 61 0.571857955192159
29 62 0.397452656608315
29 63 0.439324392568397
29 64 0.499555079115847
29 65 0.100388872842531
29 66 0.531895939683471
29 67 0.359324223314652
29 68 0.561662318062385
29 69 0.538639881232878
29 7 0.579545087742592
29 70 0.707035431839712
29 71 0.417318684946417
29 72 0.650002821754356
29 73 0.479809323551013
29 74 0.377803695325797
29 75 0.526132233859873
29 76 0.399872040000887
29 77 0.548260003010615
29 78 0.381525090884957
29 79 0.622085155957583
29 8 0.517505665395119
29 80 0.421485260220433
29 81 0.615740237731341
29 82 0.47061650031106
29 83 0.49580568614671
29 84 0.309532553237932
29 85 0.498936151991723
29 86 0.447175545469467
29 87 0.475781441278325
29 88 0.569397826905796
29 89 0.438445107362291
29 9 0.50138553764715
29 90 0.480601685912695
29 91 0.446205037814914
29 92 0.336768250138469
29 93 0.464512612329922
29 94 0.419053373409157
29 95 0.377799061576715
29 96 0.600122683658682
29 97 0.55762842129006
29 98 0.526307643218337
29 99 0.512110701645651
3 1 0.934078897607829
3 10 0.887039230465445
3 100 0.929965272067787
3 11 0.738977174195015
3 12 0.851361679732434
3 13 0.951184148004235
3 14 0.866304264664899
3 15 0.67722605900849
3 16 0.924266880328928
3 17 0.843709664755167
3 18 0.746835170739434
3 19 0.799561637737166
3 2 0.869556874898866
3 20 0.874026839175011
3 21 0.713187157381955
3 22 0.788459372687944
3 23 0.92533688725919
3 24 0.800224827449291
3 25 0.869650887767417
3 26 0.869733743475692
3 27 0.891323405979673
3 28 0.857682831582762
3 29 0.921977229582335
3 3 0.936040163655626
3 30 0.659553119859171
3 31 0.828557564141768
3 32 0.857794054655012
3 33 0.906606654977974
3 34 0.832508466448596
3 35 0.834198469901848
3 36 0.796074905904241
3 37 0.886862836624637
3 38 0.829045184228384
3 39 0.846928470244472
3 4 0.866822037682367
3 40 0.787837311249906
3 41 0.887622829539974
3 42 0.785997584577582
3 43 0.82822426693779
3 44 0.846745396781163
3 45 0.907368165010905
3 46 0.845227656351289
3 47 0.766697932142393
3 48 0.791277759238121
3 49 0.798348508239126
3 5 0.884700323549871
3 50 0.841998335073784
3 51 0.852906361217526
3 52 0.878254831452327
3 53 0.901675351403882
3 54 0.909967277792095
3 55 0.852315676563627
3 56 0.791435651260885
3 57 0.918524463344073
3 58 0.865103534965219
3 59 0.831107143348874
3 6 0.697818013156338
3 60 0.952281686805622
3 61 0.835038713859074
3 62 0.882007581355897
3 63 0.804289003899859
3 64 0.877845191234076
3 65 0.871696327735905
3 66 0.850455125563906
3 67 0.810507165404186
3 68 0.929871765965788
3 69 0.919729860593786
3 7 0.829514190817407
3 70 0.535596309468142
3 71 0.724711173972281
3 72 0.915055649172859
3 73 0.868713975585309
3 74 0.830815932506994
3 75 0.70016930957779
3 76 0.87556040934462
3 77 0.844304596154158
3 78 0.887672657068216
3 79 0.818952911313811
3 8 0.849215729627179
3 80 0.847219746966928
3 81 0.80896615836558
3 82 0.785585659503868
3 83 0.897814158366166
3 84 0.690698578178974
3 85 0.884235048333077
3 86 0.91759626816291
3 87 0.875920171555775
3 88 0.670330976693521
3 89 0.855574554137347
3 9 0.74929915374413
3 90 0.660154431894683
3 91 0.82763275960423
3 92 0.881444748100168
3 93 0.823310524976859
3 94 0.924675718981856
3 95 0.93860039434697
3 96 0.915117635060984
3 97 0.574781966457649
3 98 0.774922176389811
3 99 0.793350364762203
30 1 0.910229095982346
30 10 0.921491377270311
30 100 0.786178918914793
30 11 0.888828552343546
30 12 0.87870960739558
30 13 0.890235108597948
30 14 0.85087587792018
30 15 0.894848988669741
30 16 0.860994826358964
30 17 0.887812443549338
30 18 0.880457115624505
30 19 0.859493235088662
30 2 0.856282229411196
30 20 0.765879235993134
30 21 0.891127800928308
30 22 0.808038172450964
30 23 0.849167883313366
30 24 0.848021580879457
30 25 0.841937770687007
30 26 0.833971431910978
30 27 0.899758878782521
30 28 0.844376695456986
30 29 0.882946304530383
30 3 0.899544309165812
30 30 0.881360604827329
30 31 0.875753435779194
30 32 0.876517398845452
30 33 0.914598299711025
30 34 0.900079360612698
30 35 0.876595646749974
30 36 0.844521017428751
30 37 0.902912590969656
30 38 0.880434873929587
30 39 0.877975721943536
30 4 0.876007355804483
30 40 0.929195379433409
30 41 0.856392165375486
30 42 0.891294744403735
30 43 0.854094142685317
30 44 0.861733931295876
30 45 0.82393185681041
30 46 0.909542774959686
30 47 0.812907069307338
30 48 0.868235329829613
30 49 0.887713623377126
30 5 0.92354711339295
30 50 0.893149084012702
30 51 0.869093891110713
30 52 0.815441443080498
30 53 0.87280993579554
30 54 0.874699607712846
30 55 0.862460838062536
30 56 0.842926907845361
30 57 0.863346674253212
30 58 0.845032660827069
30 59 0.790091968090025
30 6 0.810671889024446
30 60 0.896323991113585
30 61 0.875866674713308
30 62 0.830785886168234
30 63 0.899339232533661
30 64 0.864125625860055
30 65 0.832060356355152
30 66 0.897757815972716
30 67 0.867672638297072
30 68 0.771651831959062
30 69 0.886190339102453
30 7 0.910105341473489
30 70 0.924207605025407
30 71 0.775326274443583
30 72 0.876464629106667
30 73 0.869204798525086
30 74 0.896312764953694
30 75 0.906954682210327
30 76 0.800844349316999
30 77 0.834387799670233
30 78 0.852981812886232
30 79 0.912018708711224
30 8 0.849422169078177
30 80 0.916487208749567
30 81 0.865994854673912
30 82 0.896578336915885
30 83 0.84912806630786
30 84 0.901886946985723
30 85 0.844974628973846
30 86 0.83875419593355
30 87 0.818106372761465
30 88 0.877232756227277
30 89 0.91237752826375
30 9 0.916861115587162
30 90 0.858800617006091
30 91 0.872633633094437
30 92 0.876891679011388
30 93 0.913481578610337
30 94 0.895511835274292
30 95 0.788166886092783
30 96 0.867136616077678
30 97 0.858713983211391
30 98 0.871931787025783
30 99 0.880473630846251
31 1 0.0515423213479704
31 10 0.0707450394433392
31 100 0.10470741088578
31 11 0.0899106565072625
31 12 0.0521331097031944
31 13 0.0935482612276266
31 14 0.0954736080607554
31 15 0.0198845439620036
31 16 0.0626931748460186
31 17 0.130209953746713
31 18 0.0383750606429446
31 19 0.200855753739504
31 2 0.091753167879231
31 20 0.0419693065150235
31 21 0.117244881569175
31 22 0.0704447593025308
31 23 0.124811563387504
31 24 0.117260109024126
31 25 0.144656253859953
31 26 0.137359671549286
31 27 0.157551808295396
31 28 0.0958527255087532
31 29 0.0756766527297397
31 3 0.0702365838383053
31 30 0.0911938047826036
31 31 0.0903996255765088
31 32 0.0788664587767883
31 33 0.124266256337348
31 34 0.158798307659837
31 35 0.0583777158109662
31 36 0.0573645027002803
31 37 0.00843134464311299
31 38 0.108160020548905
31 39 0.1008809008239
31 4 0.0700311496981406
31 40 0.0422678121140411
31 41 0.139699186238866
31 42 0.0929067797754596
31 43 0.110089137648985
31 44 0.0907215610862018
31 45 0.15895432333859
31 46 0.199862166014169
31 47 0.107694150270446
31 48 0.0612546456528872
31 49 0.0678523023292561
31 5 0.0543145389433856
31 50 0.0549637215569312
31 51 0.00249279715145236
31 52 0.0941555572447733
31 53 0.0568424056802085
31 54 0.0793711526602607
31 55 0.027936664542889
31 56 0.118496737510112
31 57 0.137079666922256
31 58 0.13365544870161
31 59 0.110906065847261
31 6 0.119670125408959
31 60 0.118713377874065
31 61 0.112769139458177
31 62 0.147667869404106
31 63 0.0391104481746054
31 64 0.0657679915881954
31 65 0.0392797728937003
31 66 0.0680758935973308
31 67 0.0800414283423155
31 68 0.131207090861984
31 69 0.0496832164511837
31 7 0.113452609889254
31 70 0.0682542992378128
31 71 0.143993073186632
31 72 0.089801508207306
31 73 0.0719943656617651
31 74 0.169817473156525
31 75 0.0781133926631842
31 76 0.0624616896472787
31 77 0.045733452950905
31 78 0.140315295755367
31 79 0.0928892929169838
31 8 0.0895707989432524
31 80 0.0749426310267077
31 81 0.084792831162723
31 82 0.0587501512160029
31 83 0.0793427136910277
31 84 0.160312240588875
31 85 0.100903288088224
31 86 0.0579969008590526
31 87 0.0967335817653948
31 88 0.0602809329390014
31 89 0.054357834828137
31 9 0.117301819503586
31 90 0.0561400914563086
31 91 0.0917573675306958
31 92 0.124368913498999
31 93 0.119804748229073
31 94 0.0484158865066611
31 95 0.0603263451195956
31 96 0.0541547293460506
31 97 0.145478621225729
31 98 0.0727111644171423
31 99 0.134355125069605
32 1 0.412376667543095
32 10 0.341078295323447
32 100 0.452479511107094
32 11 0.532296276595522
32 12 0.416333186701022
32 13 0.492630821316142
32 14 0.406821954366416
32 15 0.425262483652121
32 16 0.578427473717201
32 17 0.454340670047185
32 18 0.46527046880382
32 19 0.492527362564812
32 2 0.464526139472809
32 20 0.438920870728518
32 21 0.536401130726472
32 22 0.473830777312333
32 23 0.543022632166553
32 24 0.506025032530748
32 25 0.535078634422186
32 26 0.429549893617981
32 27 0.538495679738701
32 28 0.450248192971517
32 29 0.585065825342769
32 3 0.428832066427713
32 30 0.510079933270132
32 31 0.449210831541246
32 32 0.402934728186129
32 33 0.569643473724919
32 34 0.546368292074791
32 35 0.398700365872155
32 36 0.518051665142216
32 37 0.444629295208173
32 38 0.428372832511597
32 39 0.396673088451915
32 4 0.482507129603478
32 40 0.4234247388075
32 41 0.551238194673895
32 42 0.327457201014401
32 43 0.463441576709639
32 44 0.345549713260488
32 45 0.513408311923825
32 46 0.35324721603473
32 47 0.495415710742513
32 48 0.430183017141494
32 49 0.533281503414679
32 5 0.521585680350739
32 50 0.392947644848431
32 51 0.546272076461344
32 52 0.522274983679956
32 53 0.560988991284916
32 54 0.47971059262575
32 55 0.478729337031276
32 56 0.50366928428232
32 57 0.49247127438114
32 58 0.468554166559131
32 59 0.27601522128721
32 6 0.503544716094615
32 60 0.484828043610162
32 61 0.446861485623385
32 62 0.492202021272657
32 63 0.484461182689511
32 64 0.422495928519687
32 65 0.506455295536703
32 66 0.52904726569513
32 67 0.47656084330676
32 68 0.487608792226385
32 69 0.460144905615759
32 7 0.363382254506582
32 70 0.557017272087511
32 71 0.393579621472504
32 72 0.487522123996387
32 73 0.360421253907261
32 74 0.487669914777223
32 75 0.478995395783658
32 76 0.418973756460536
32 77 0.50941875907907
32 78 0.401170144594432
32 79 0.445760355259111
32 8 0.521567495538306
32 80 0.407913805284064
32 81 0.411042709533624
32 82 0.403708796398018
32 83 0.496372773180431
32 84 0.338004551634727
32 85 0.545445548552304
32 86 0.449691233513532
32 87 0.504751955417032
32 88 0.473112078032538
32 89 0.64499611956023
32 9 0.492536264465678
32 90 0.522360594760063
32 91 0.37039335892803
32 92 0.539165175784433
32 93 0.497466453629348
32 94 0.469540646967775
32 95 0.517196129609318
32 96 0.344246111606598
32 97 0.429657395619074
32 98 0.425660904189781
32 99 0.495423719161045
33 1 0.838155364602949
33 10 0.842454031785103
33 100 0.894362023677093
33 11 0.87854971232734
33 12 0.881540005960747
33 13 0.841515599281582
33 14 0.842663471264214
33 15 0.845932593934649
33 16 0.880661530907566
33 17 0.853179617811008
33 18 0.867672128961405
33 19 0.852558847806708
33 2 0.868521611341168
33 20 0.881305364654144
33 21 0.865458889699141
33 22 0.867109202820199
33 23 0.886211248361423
33 24 0.871660360087307
33 25 0.859232088674459
33 26 0.885678925613957
33 27 0.8502788729
33 28 0.885599635268138
33 29 0.876609739108415
33 3 0.864474195669658
33 30 0.854624850041383
33 31 0.869761558277351
33 32 0.871358248889376
33 33 0.873973145998436
33 34 0.880409617910548
33 35 0.854321685526624
33 36 0.89627659352335
33 37 0.865057778625674
33 38 0.891026016610412
33 39 0.892008437429632
33 4 0.861930525886882
33 40 0.84533606799717
33 41 0.860613205646248
33 42 0.877224720572517
33 43 0.824765049839352
33 44 0.895042728157288
33 45 0.88545650731016
33 46 0.855276878850437
33 47 0.8574923534257
33 48 0.878755761798904
33 49 0.856350762192364
33 5 0.870331464191671
33 50 0.843729397916451
33 51 0.891385744157348
33 52 0.884211699491371
33 53 0.832790022074856
33 54 0.87216941951683
33 55 0.872593083821524
33 56 0.815658560951039
33 57 0.847034596662097
33 58 0.862055171520777
33 59 0.840969248518693
33 6 0.851954010870736
33 60 0.84977228889028
33 61 0.872673080888533
33 62 0.880258485136327
33 63 0.843217257837095
33 64 0.858068897729887
33 65 0.865487889077932
33 66 0.876858825641893
33 67 0.873019344807689
33 68 0.881369543240999
33 69 0.868559629420732
33 7 0.878128884987065
33 70 0.855387713864369
33 71 0.877125962211648
33 72 0.891704963789462
33 73 0.864839726643449
33 74 0.852690038855699
33 75 0.882190596401947
33 76 0.879560909502061
33 77 0.865375615440183
33 78 0.829551352220089
33 79 0.843287029305484
33 8 0.878763327681897
33 80 0.866612278557848
33 81 0.848488535170684
33 82 0.839047085421349
33 83 0.828201000309005
33 84 0.843436237673047
33 85 0.858701823254249
33 86 0.867973802713131
33 87 0.874885554853256
33 88 0.862989170377301
33 89 0.890886453443036
33 9 0.866744676621143
33 90 0.856676114528871
33 91 0.844321204415842
33 92 0.867298002770307
33 93 0.834468576528723
33 94 0.85453685875215
33 95 0.861956684653316
33 96 0.84854695835327
33 97 0.853798075872546
33 98 0.893750866279665
33 99 0.890872324717002
34 1 0.0979598576355949
34 10 0.0731551948951226
34 100 0.10167575470095
34 11 0.0593852629363086
34 12 0.113561285454197
34 13 0.0868288229090128
34 14 0.0769629220705017
34 15 0.0796577480308741
34 16 0.090979245068882
34 17 0.109071808117948
34 18 0.135832567022409
34 19 0.0713450693210413
34 2 0.0950744834528825
34 20 0.0749820941207923
34 21 0.0735281888086346
34 22 0.114228108165978
34 23 0.102430916802078
34 24 0.123794691458126
34 25 0.0651565809598878
34 26 0.108148975999207
34 27 0.0876651874854235
34 28 0.108775416360181
34 29 0.061169255404064
34 3 0.074682062508277
34 30 0.0891741547902466
34 31 0.0630784943924456
34 32 0.14501645774822
34 33 0.0933439488614548
34 34 0.152917690350032
34 35 0.0579299773599274
34 36 0.0565914327578963
34 37 0.0420933074537534
34 38 0.112160293205663
34 39 0.0856449980650511
34 4 0.0821135955672039
34 40 0.116116680465001
34 41 0.117289324329402
34 42 0.0745189305018369
34 43 0.0615664850292253
34 44 0.101170254924176
34 45 0.072048067009838
34 46 0.0565947905767841
34 47 0.0680985960396942
34 48 0.0822083087889731
34 49 0.111334039990209
34 5 0.0560506183929163
34 50 0.0812499127794342
34 51 0.122876599501477
34 52 0.0811619519204018
34 53 0.0497852623130117
34 54 0.0413973583171783
34 55 0.034532968953408
34 56 0.0746365677322871
34 57 0.0710084233651683
34 58 0.0855117494989455
34 59 0.0697256211943984
34 6 0.0772351859574573
34 60 0.0573373149136511
34 61 0.0955254616835398
34 62 0.098559607746797
34 63 0.100347963204432
34 64 0.0906912019207772
34 65 0.0921960335228965
34 66 0.0925103064914402
34 67 0.149991443421296
34 68 0.0853698750872869
34 69 0.0726115090447275
34 7 0.0933992964822818
34 70 0.0604470394889173
34 71 0.115401590124279
34 72 0.0859536421706925
34 73 0.0830868882060506
34 74 0.0485130527266704
34 75 0.067958328028044
34 76 0.0953342024726491
34 77 0.111428394398244
34 78 0.0659758945926942
34 79 0.116274583138027
34 8 0.0904126755502161
34 80 0.112612914956037
34 81 0.106040429283382
34 82 0.0904509695575189
34 83 0.0516816175663029
34 84 0.0746650356581085
34 85 0.049938589583699
34 86 0.042839003368832
34 87 0.0751535686344025
34 88 0.0951165270278607
34 89 0.0752096556685883
34 9 0.121464930968796
34 90 0.0819180665301104
34 91 0.0921499563640813
34 92 0.0882140362873038
34 93 0.0969729210946683
34 94 0.0801971374392838
34 95 0.06378537694336
34 96 0.0525698980919355
34 97 0.103734071750881
34 98 0.0769909084553221
34 99 0.0400233513506758
35 1 0.462312837600424
35 10 0.43617368610152
35 100 0.507367281877427
35 11 0.455591726210304
35 12 0.497318034593339
35 13 0.470148270494026
35 14 0.484986575857331
35 15 0.480376776054109
35 16 0.49807544066678
35 17 0.490863310298551
35 18 0.416165375664006
35 19 0.533455412571641
35 2 0.445763988575999
35 20 0.419447500259519
35 21 0.502094883145715
35 22 0.505512476143403
35 23 0.508126699498165
35 24 0.482958765438059
35 25 0.502042697954182
35 26 0.513626357013051
35 27 0.469931294230327
35 28 0.426288064946369
35 29 0.502033889899978
35 3 0.451211837743856
35 30 0.493907485956845
35 31 0.470282543852014
35 32 0.480177058286998
35 33 0.469499552178098
35 34 0.450505768170094
35 35 0.435796882420415
35 36 0.478837997946471
35 37 0.422457887710881
35 38 0.437788063100434
35 39 0.480068268043907
35 4 0.508438478538884
35 40 0.469009336534316
35 41 0.466060316207676
35 42 0.451875033282845
35 43 0.489169229573376
35 44 0.485105028017386
35 45 0.434177489723596
35 46 0.503862261691036
35 47 0.470516548924661
35 48 0.454813317328386
35 49 0.477565425658157
35 5 0.425131331699489
35 50 0.491289170451546
35 51 0.447058489184111
35 52 0.476690288222181
35 53 0.456599190915936
35 54 0.464234689039066
35 55 0.464857649557344
35 56 0.444138736923759
35 57 0.49857910243686
35 58 0.419394857288949
35 59 0.497217544534498
35 6 0.488296655018928
35 60 0.437414788145025
35 61 0.469205499873342
35 62 0.432267647679499
35 63 0.537098822819452
35 64 0.499217618564719
35 65 0.460689244810831
35 66 0.528039284860499
35 67 0.453052314802109
35 68 0.446659037232082
35 69 0.439277520493967
35 7 0.459847143032249
35 70 0.498850578779425
35 71 0.498198954488199
35 72 0.445615509685447
35 73 0.458525724456864
35 74 0.539639666993008
35 75 0.503596114487726
35 76 0.484364235053469
35 77 0.509230544181367
35 78 0.44626424609172
35 79 0.483311134009507
35 8 0.50662178676991
35 80 0.457915602418788
35 81 0.46689300112014
35 82 0.461721647623596
35 83 0.425757080062926
35 84 0.529377085074964
35 85 0.513002573179244
35 86 0.504177865643516
35 87 0.508946267697594
35 88 0.486135768848614
35 89 0.496600279744499
35 9 0.447296605240222
35 90 0.430207959971912
35 91 0.469991657789613
35 92 0.476643872246109
35 93 0.512165556017103
35 94 0.469779209047544
35 95 0.492265021397626
35 96 0.462452117306261
35 97 0.443102617211003
35 98 0.45912422828949
35 99 0.416096534292323
36 1 0.856061313586715
36 10 0.857611092717829
36 100 0.866176988803088
36 11 0.865904205369032
36 12 0.856492587441114
36 13 0.868048010089026
36 14 0.846079433676245
36 15 0.863503764958289
36 16 0.873205542283918
36 17 0.865312240987717
36 18 0.887291261411949
36 19 0.870321497232808
36 2 0.862533463772663
36 20 0.860617011032128
36 21 0.854557365874006
36 22 0.871183228738172
36 23 0.853883289956661
36 24 0.872630718588225
36 25 0.872114451060529
36 26 0.886741530377068
36 27 0.866758629739191
36 28 0.860635499636699
36 29 0.862180360023293
36 3 0.879951850024667
36 30 0.8702495517337
36 31 0.87046839501084
36 32 0.848816697692332
36 33 0.863985090276119
36 34 0.856141141660437
36 35 0.868943230121096
36 36 0.869551606529971
36 37 0.852903600702747
36 38 0.859795733450813
36 39 0.843616007911311
36 4 0.843879192257547
36 40 0.890159920281276
36 41 0.872186679040927
36 42 0.854618464760242
36 43 0.858399922747578
36 44 0.871985957757526
36 45 0.866979217178805
36 46 0.860264267624377
36 47 0.867348101799971
36 48 0.865751923711059
36 49 0.865947407115165
36 5 0.866638855422717
36 50 0.880060581771011
36 51 0.865886198831466
36 52 0.872548383601609
36 53 0.846619613622286
36 54 0.870790962659783
36 55 0.864183383569289
36 56 0.833984965977455
36 57 0.849885457192344
36 58 0.860355224270525
36 59 0.847940215974999
36 6 0.848913466367684
36 60 0.876550815705387
36 61 0.848020525987795
36 62 0.864024894919193
36 63 0.865184452934041
36 64 0.875344062075688
36 65 0.874486801769069
36 66 0.850902294400694
36 67 0.869382662073338
36 68 0.870797808821021
36 69 0.882892342502007
36 7 0.877026791383516
36 70 0.871905488038014
36 71 0.891214821673103
36 72 0.854957040682811
36 73 0.852854144422714
36 74 0.867929930130939
36 75 0.859293954417735
36 76 0.866947379898372
36 77 0.85229406122089
36 78 0.882096521152735
36 79 0.85141810487056
36 8 0.863255776018736
36 80 0.863038418396991
36 81 0.862510748288448
36 82 0.88520037937411
36 83 0.867629635182486
36 84 0.861783682673288
36 85 0.887213664551818
36 86 0.861591137480025
36 87 0.860961028104219
36 88 0.885712359309753
36 89 0.869076455450623
36 9 0.864888251771734
36 90 0.858095992524944
36 91 0.82718177145198
36 92 0.883367106447548
36 93 0.869852622864453
36 94 0.866589700727264
36 95 0.876845962380379
36 96 0.863226208056527
36 97 0.869469222238556
36 98 0.873143200702956
36 99 0.846826776968336
4 1 0.0605204960474852
4 10 0.0795519172848034
4 100 0.0385961960846617
4 11 0.046921363301765
4 12 0.133338688125453
4 13 0.00519828924847556
4 14 0.124903232912072
4 15 0.0103135311633423
4 16 0.109570485409986
4 17 0.136222321691115
4 18 0.0954621873133359
4 19 0.0547157180676561
4 2 0.0756181749183523
4 20 0.125130441272357
4 21 0.0457111975808873
4 22 0.0728073146905314
4 23 0.12761556228063
4 24 0.130265422300408
4 25 0.0397894770040505
4 26 0.0469987873804636
4 27 0.124845683428153
4 28 0.0832360060524007
4 29 0.184379667855686
4 3 0.305822684295289
4 30 0.157464730368866
4 31 0.161740639162788
4 32 0.109740973421568
4 33 0.151797913454156
4 34 0.208680845865944
4 35 0.217260769686819
4 36 0.0625407133103449
4 37 0.0474968572716068
4 38 0.107912441000576
4 39 0.0439078381334502
4 4 0.184316464864271
4 40 0.130459462487121
4 41 0.0701852560696846
4 42 0.0118008850399437
4 43 0.157386154185484
4 44 0.10807111708554
4 45 0.232472084886652
4 46 0.0521572689095519
4 47 0.0971223682454921
4 48 0.066978762566227
4 49 0.0727385606019692
4 5 0.104154825464824
4 50 0.0799526776528273
4 51 0.110345320038877
4 52 0.0841509778720678
4 53 0.0223703386442952
4 54 0.033028345987853
4 55 0.0571798262630487
4 56 0.0609220702387266
4 57 0.144134008669233
4 58 0.133657648694176
4 59 0.0593222687910057
4 6 0.0317610851854099
4 60 0.324400614465601
4 61 0.100049188596564
4 62 0.170167907644327
4 63 0.0190527766330315
4 64 0.0728573837350199
4 65 0.166313216716438
4 66 0.243604239880727
4 67 0.0435322728971511
4 68 0.0958225759385613
4 69 0.0845826020581963
4 7 0.0658268772735839
4 70 0.0418793460137282
4 71 0.0269712616813021
4 72 0.0450334942370293
4 73 0.169702689737024
4 74 0.139633898149833
4 75 0.165169861475808
4 76 0.10883375637397
4 77 0.142736185531109
4 78 0.21080489363711
4 79 0.109495942563131
4 8 0.0622084246098211
4 80 0.0475018412901879
4 81 0.0738004318938607
4 82 0.0475629240299713
4 83 0.0926765944551914
4 84 0.0244049891678572
4 85 0.182693521267662
4 86 0.0781144962873586
4 87 0.0952778643376559
4 88 0.0359126583649892
4 89 0.0740753963600398
4 9 0.0750444283818145
4 90 0.194077036735109
4 91 0.0894588519494209
4 92 0.03337106483777
4 93 0.0365525529471111
4 94 0.055753911235658
4 95 0.153306747189713
4 96 0.0400370592813688
4 97 0.152399413221289
4 98 0.227025121750682
4 99 0.135490226391159
5 1 0.527075279356891
5 10 0.458802352347109
5 100 0.532296060231314
5 11 0.225018014156566
5 12 0.590242909014411
5 13 0.393306502777589
5 14 0.545891250172957
5 15 0.658362392420474
5 16 0.457063854282353
5 17 0.46075468277458
5 18 0.457508848443779
5 19 0.61898785811624
5 2 0.416314377430667
5 20 0.4405287340263
5 21 0.317191203423485
5 22 0.228721341129775
5 23 0.495842377376172
5 24 0.396863997958943
5 25 0.422761458852786
5 26 0.510325100563226
5 27 0.627423662708125
5 28 0.520737865479873
5 29 0.336361416020799
5 3 0.656134048129993
5 30 0.358104575833537
5 31 0.21300369867804
5 32 0.432589980570455
5 33 0.330365322511408
5 34 0.587244088065181
5 35 0.315087212765495
5 36 0.357138250803044
5 37 0.31649459544435
5 38 0.565539623986353
5 39 0.684649187297871
5 4 0.373606179737381
5 40 0.560589231572173
5 41 0.417137960535601
5 42 0.219144892618698
5 43 0.245991177377764
5 44 0.381643860399756
5 45 0.381951720182824
5 46 0.415639076462019
5 47 0.479784042008573
5 48 0.465363457538991
5 49 0.333232984813309
5 5 0.481073643457006
5 50 0.436274828120295
5 51 0.419493423715738
5 52 0.599117193050717
5 53 0.504352463800218
5 54 0.775579667496533
5 55 0.305447721279235
5 56 0.482685419234056
5 57 0.441402706038169
5 58 0.427378167446978
5 59 0.34295727807855
5 6 0.335440973502893
5 60 0.472718965557898
5 61 0.406189634229614
5 62 0.421693154019717
5 63 0.300427928198034
5 64 0.484971539921628
5 65 0.569707400451881
5 66 0.481812687446529
5 67 0.55875105669436
5 68 0.705819614313925
5 69 0.550242422706876
5 7 0.341304857737502
5 70 0.432946954617163
5 71 0.269213758781252
5 72 0.281346858222049
5 73 0.474118632107443
5 74 0.286078472732021
5 75 0.310621211587236
5 76 0.640351325035907
5 77 0.606828179315366
5 78 0.486722610035958
5 79 0.354940170610972
5 8 0.522921574161591
5 80 0.491742081693934
5 81 0.419413493142809
5 82 0.357469741766188
5 83 0.37115274248362
5 84 0.437009256162813
5 85 0.758099063612333
5 86 0.623615934745606
5 87 0.279803632979551
5 88 0.366347866033174
5 89 0.311552125130838
5 9 0.451573458457949
5 90 0.36635302109218
5 91 0.559469856942695
5 92 0.510349305632441
5 93 0.492888687305041
5 94 0.339900450517545
5 95 0.325917806350161
5 96 0.627112303407627
5 97 0.515004054624016
5 98 0.491716135042404
5 99 0.532331532344425
6 1 0.87749198744111
6 10 0.853095576851517
6 100 0.899411776528446
6 11 0.873215334798913
6 12 0.88445717598953
6 13 0.866304571747001
6 14 0.850673810205607
6 15 0.812200614017809
6 16 0.730177211725241
6 17 0.863967918389346
6 18 0.869602375295191
6 19 0.872574476299892
6 2 0.815398342591063
6 20 0.817620210349714
6 21 0.937380052387561
6 22 0.619271740640872
6 23 0.8906584716115
6 24 0.870593679969179
6 25 0.872957700234615
6 26 0.866035801283253
6 27 0.906894576697418
6 28 0.84228644063342
6 29 0.932753776202946
6 3 0.905828430689403
6 30 0.853158023439447
6 31 0.813779574125088
6 32 0.907959479804656
6 33 0.893512130813309
6 34 0.83762965257424
6 35 0.739710985220001
6 36 0.916052719780132
6 37 0.783128505937638
6 38 0.898386607418592
6 39 0.809724055886503
6 4 0.893917170046073
6 40 0.83911533539012
6 41 0.849584653725304
6 42 0.849166440703901
6 43 0.822543293482047
6 44 0.770995747693675
6 45 0.773020695189056
6 46 0.91522865347107
6 47 0.902116865906015
6 48 0.724390975568485
6 49 0.80396874489499
6 5 0.725116834162657
6 50 0.911557052147973
6 51 0.834028277164881
6 52 0.880925003606784
6 53 0.872487500351844
6 54 0.843810529562627
6 55 0.80945626334332
6 56 0.844183039762197
6 57 0.8917111329222
6 58 0.920861472277724
6 59 0.826136825333043
6 6 0.705830605946372
6 60 0.859708490940566
6 61 0.94512211042531
6 62 0.87007515529131
6 63 0.927105552880053
6 64 0.83854853165478
6 65 0.921221602790486
6 66 0.840454054915898
6 67 0.732934525536795
6 68 0.884896803403778
6 69 0.874786087526921
6 7 0.815023458163462
6 70 0.921541056921105
6 71 0.833655436624168
6 72 0.85864273737034
6 73 0.959131330779663
6 74 0.806451631838743
6 75 0.913150411602021
6 76 0.692396986756824
6 77 0.923458236971848
6 78 0.905265112440192
6 79 0.880139234788127
6 8 0.851584352106746
6 80 0.818563751011773
6 81 0.759066313145034
6 82 0.880096905162879
6 83 0.736811936453562
6 84 0.795084063033957
6 85 0.81500785382624
6 86 0.871231615468219
6 87 0.722428253043859
6 88 0.919742927026826
6 89 0.849724288295818
6 9 0.798699651162686
6 90 0.777989284825865
6 91 0.843165314492955
6 92 0.822443716376919
6 93 0.875808695012937
6 94 0.745235816059074
6 95 0.846496123205247
6 96 0.877896223857704
6 97 0.772535803883505
6 98 0.732357615441909
6 99 0.812525506628944
7 1 0.127729223124938
7 10 0.130709673023609
7 100 0.104090894489654
7 11 0.0804993178669809
7 12 0.0581447476549001
7 13 0.0582852348042203
7 14 0.051377877951458
7 15 0.196010224434165
7 16 0.0882658296877745
7 17 0.0684924948868866
7 18 0.0726918863992419
7 19 0.147554706229188
7 2 0.0318250423957801
7 20 0.124140956915018
7 21 0.174272891867142
7 22 0.135703846935302
7 23 0.244990090864989
7 24 0.106801102639918
7 25 0.0734813826135184
7 26 0.0962912073619783
7 27 0.122607332579751
7 28 0.0960698533798459
7 29 0.167900926804527
7 3 0.0714320077178177
7 30 0.110077886670207
7 31 0.158718944889214
7 32 0.0712033954841324
7 33 0.202225052238057
7 34 0.0664718182475737
7 35 0.120526832746939
7 36 0.10422479948305
7 37 0.121437224090596
7 38 0.115927002083862
7 39 0.124265310188613
7 4 0.0431457224600503
7 40 0.0926343173049159
7 41 0.127251420464479
7 42 0.0625795133212392
7 43 0.0938616292697727
7 44 0.0688646493427927
7 45 0.107220573683579
7 46 0.209820214428707
7 47 0.107323425062858
7 48 0.0719947284390714
7 49 0.0690231105797221
7 5 0.0602757932444896
7 50 0.109419130673092
7 51 0.0340254916057369
7 52 0.0205906614166943
7 53 0.0823378075250247
7 54 0.115026433431632
7 55 0.167053443509411
7 56 0.0220886772679846
7 57 0.0404857803215772
7 58 0.051942007648641
7 59 0.0831560058528762
7 6 0.135386247621873
7 60 0.174498725936566
7 61 0.0346914369783907
7 62 0.0374008991547616
7 63 0.135435222115261
7 64 0.0384564927598913
7 65 0.178840986795686
7 66 0.0680463590041787
7 67 0.0358021145649908
7 68 0.138910045825005
7 69 0.0734357072314029
7 7 0.0774296209106038
7 70 0.102112173644583
7 71 0.0742961650791924
7 72 0.0625007620142942
7 73 0.118815452966081
7 74 0.0830865156109857
7 75 0.176700465219916
7 76 0.0599440403709564
7 77 0.0858200463007522
7 78 0.153222243163905
7 79 0.155620805613929
7 8 0.0538386753435334
7 80 0.0867500951994793
7 81 0.0525797601543689
7 82 0.0939678209415738
7 83 0.0822311886722851
7 84 0.0432024112140436
7 85 0.13981689767091
7 86 0.113236487297051
7 87 0.102872137277703
7 88 0.0603897458959173
7 89 0.0526552186469362
7 9 0.0206921041621419
7 90 0.0896729470927994
7 91 0.048694743243273
7 92 0.0703586112192216
7 93 0.111331723184595
7 94 0.0484533262668936
7 95 0.132273876958423
7 96 0.210196371486813
7 97 0.0535642608970657
7 98 0.146725038786315
7 99 0.0686108323274317
8 1 0.580840425541326
8 10 0.400064666577457
8 100 0.502427767122133
8 11 0.390555992588893
8 12 0.404111088329634
8 13 0.359966422265015
8 14 0.485420636904477
8 15 0.652927857788058
8 16 0.366458347042858
8 17 0.500409532261022
8 18 0.280368849643899
8 19 0.530928804728984
8 2 0.707942770123842
8 20 0.613558499790832
8 21 0.396284447624858
8 22 0.352273417813037
8 23 0.392921943048923
8 24 0.448534117713152
8 25 0.293776946663195
8 26 0.343390265027019
8 27 0.606227603652887
8 28 0.37247241135165
8 29 0.543981902822983
8 3 0.247072745736758
8 30 0.459202224112049
8 31 0.31817054909099
8 32 0.461582461085007
8 33 0.257653214344027
8 34 0.548003629906472
8 35 0.467079730355118
8 36 0.487939001759354
8 37 0.315807426096391
8 38 0.364168843339407
8 39 0.383257286236764
8 4 0.198880628073695
8 40 0.349419280197423
8 41 0.371285036235542
8 42 0.64462927945401
8 43 0.469407593371662
8 44 0.45406710528552
8 45 0.421751488810505
8 46 0.460366666025207
8 47 0.538489597226983
8 48 0.318993712728071
8 49 0.428539366203291
8 5 0.505876514867947
8 50 0.47296776753741
8 51 0.447150066949215
8 52 0.478465367315168
8 53 0.529160670028814
8 54 0.321609414992107
8 55 0.550341951632041
8 56 0.313644045986098
8 57 0.483262514169521
8 58 0.442335665512111
8 59 0.480390110982926
8 6 0.568261432358371
8 60 0.45702464368638
8 61 0.426977494832866
8 62 0.413882319280054
8 63 0.751966812719291
8 64 0.560133734898136
8 65 0.329598369287301
8 66 0.455389817218102
8 67 0.730073661500056
8 68 0.573228392620538
8 69 0.334309940916811
8 7 0.417743753116342
8 70 0.341561903417541
8 71 0.407321563353016
8 72 0.471790890617547
8 73 0.434034439425326
8 74 0.521590066927249
8 75 0.563980285223742
8 76 0.53285084236923
8 77 0.448573224624222
8 78 0.411207529791813
8 79 0.379970355565222
8 8 0.409800013219732
8 80 0.276297897368226
8 81 0.303354904109881
8 82 0.382862273592951
8 83 0.485870903193665
8 84 0.485158843378358
8 85 0.458400356445729
8 86 0.446779619363825
8 87 0.446042122854789
8 88 0.359811580134099
8 89 0.669429809177439
8 9 0.500993423034519
8 90 0.53673617872626
8 91 0.515710441830886
8 92 0.305547334261815
8 93 0.250058261564534
8 94 0.584049083629273
8 95 0.493999830836501
8 96 0.552174733725067
8 97 0.45628696637593
8 98 0.436921641272194
8 99 0.30000822357611
9 1 0.858536480732009
9 10 0.913082143100753
9 100 0.913800785227643
9 11 0.814393758459428
9 12 0.842238070840882
9 13 0.909227212570135
9 14 0.864496880820986
9 15 0.902300540359556
9 16 0.807402894607176
9 17 0.862250650047258
9 18 0.742553514924213
9 19 0.865290037547583
9 2 0.799023346352665
9 20 0.861761294342124
9 21 0.857859751880974
9 22 0.807003505859494
9 23 0.904092536722687
9 24 0.79447923832311
9 25 0.846226821364351
9 26 0.855536895140278
9 27 0.772395434890316
9 28 0.890695112539317
9 29 0.853505318512245
9 3 0.816064044400053
9 30 0.893178938830603
9 31 0.7852765757011
9 32 0.734600925881785
9 33 0.828404391862066
9 34 0.90613919379653
9 35 0.813397597860254
9 36 0.90267486399577
9 37 0.789370191569762
9 38 0.769600326478632
9 39 0.889584217919895
9 4 0.854681926516436
9 40 0.71938504248284
9 41 0.900318890754249
9 42 0.934320852782959
9 43 0.825860620694233
9 44 0.76262074607589
9 45 0.881084488574913
9 46 0.809183652476329
9 47 0.89338240960214
9 48 0.84133184840801
9 49 0.921389234481198
9 5 0.741533418262322
9 50 0.792963989909639
9 51 0.821382811830587
9 52 0.753046582634865
9 53 0.882289453750371
9 54 0.793912489133287
9 55 0.917606433616529
9 56 0.897274043980002
9 57 0.751717894959394
9 58 0.838698737671404
9 59 0.927324833796952
9 6 0.888030756243587
9 60 0.906217340926941
9 61 0.794169525267547
9 62 0.890412987395411
9 63 0.892474950959396
9 64 0.83303910111674
9 65 0.745351649304618
9 66 0.777146421562096
9 67 0.826579786257544
9 68 0.817325470542992
9 69 0.918396492542107
9 7 0.804942435945173
9 70 0.839548441012371
9 71 0.788630505677098
9 72 0.873274044267824
9 73 0.836705958901146
9 74 0.899018460709031
9 75 0.750595564230407
9 76 0.931257663175139
9 77 0.880055452539337
9 78 0.783806715581618
9 79 0.865407420072003
9 8 0.925508564186732
9 80 0.808020263764059
9 81 0.928114772326152
9 82 0.891418508426112
9 83 0.796800461681209
9 84 0.906574201831069
9 85 0.857637885250444
9 86 0.885705473127595
9 87 0.799536981399728
9 88 0.844772757938705
9 89 0.874011260082164
9 9 0.83595172385189
9 90 0.886742321080121
9 91 0.894120993898509
9 92 0.822749232326049
9 93 0.883741156888001
9 94 0.896900045520073
9 95 0.682695643069296
9 96 0.826106883288654
9 97 0.900152814246187
9 98 0.742160204052381
9 99 0.82652340999747
